Sample	0	1	2	3	4	5	6	7	8	9	10	11	12	13	14	15
101112C14_R1_001	(1.0, 30.0206468299172)	(2.0, 18.481862941806288)	(3.0, 11.43676598119182)	(4.0, 6.879743104538419)	(5.0, 4.300683225348984)	(6.0, 2.873287905428102)	(7.0, 2.077287025280003)	(8.0, 1.5125867650665175)	(9.0, 1.200917872437814)	('>10', 10.10449543217817)	('>50', 2.365999725184991)	('>100', 5.1807507339190115)	('>500', 1.7439693317612759)	('>1k', 1.7427829959120122)	('>5k', 0.07822013002924302)	('>10k+', 0.0)
101112C14_R2_001	(1.0, 33.55275992845005)	(2.0, 17.75551936860894)	(3.0, 11.003511115262226)	(4.0, 6.453539899249866)	(5.0, 4.092837771439261)	(6.0, 2.6900838049890403)	(7.0, 1.9071670598098924)	(8.0, 1.424708226507946)	(9.0, 1.139775661672503)	('>10', 9.448652349030198)	('>50', 2.262372249771526)	('>100', 4.969682804123654)	('>500', 1.638992794372995)	('>1k', 1.5500071651652383)	('>5k', 0.11038980154650406)	('>10k+', 0.0)
101112C4_R1_001	(1.0, 29.448387269094823)	(2.0, 19.388105790093245)	(3.0, 12.050921527346114)	(4.0, 7.213925185676258)	(5.0, 4.343743918552789)	(6.0, 2.7134818160887337)	(7.0, 1.7836635344022804)	(8.0, 1.2622580231510436)	(9.0, 0.9139005221703298)	('>10', 7.030014033583874)	('>50', 1.917423871518549)	('>100', 5.4444334171726965)	('>500', 2.5509395278193234)	('>1k', 3.5802094265115674)	('>5k', 0.18567234862194754)	('>10k+', 0.17291978819649323)
101112C4_R2_001	(1.0, 32.027920621498666)	(2.0, 18.915466966105825)	(3.0, 11.687546814729414)	(4.0, 6.9601316970498965)	(5.0, 4.1635229017849404)	(6.0, 2.604032945551084)	(7.0, 1.657781845506267)	(8.0, 1.2361628130610598)	(9.0, 0.8793580443937885)	('>10', 6.611932226141526)	('>50', 1.7898970784869368)	('>100', 5.209492060991592)	('>500', 2.5215514779980475)	('>1k', 3.398481433123097)	('>5k', 0.2493630684857786)	('>10k+', 0.08735800509190601)
101112C9_R1_001	(1.0, 44.77550508280071)	(2.0, 15.371976025233423)	(3.0, 7.71836594784769)	(4.0, 4.5004008582868344)	(5.0, 2.827872637687089)	(6.0, 2.030585029862249)	(7.0, 1.4585529646002497)	(8.0, 1.0989277172577516)	(9.0, 0.8875233605095474)	('>10', 7.374962152447977)	('>50', 1.9300134100959914)	('>100', 5.314691184675426)	('>500', 2.2183050191004012)	('>1k', 2.2333833734613817)	('>5k', 0.25893523613336455)	('>10k+', 0.0)
101112C9_R2_001	(1.0, 48.854854372498046)	(2.0, 14.326051306555158)	(3.0, 7.054239929553904)	(4.0, 4.103760954425892)	(5.0, 2.657029823147979)	(6.0, 1.7786673426226072)	(7.0, 1.3238998681446208)	(8.0, 1.003726772241258)	(9.0, 0.8575428570574086)	('>10', 6.8453342152630565)	('>50', 1.8068610721718548)	('>100', 4.879216638990972)	('>500', 2.020400868189237)	('>1k', 2.0616852630629268)	('>5k', 0.22647122356565294)	('>10k+', 0.20025749250959027)
101112H14_R1_001	(1.0, 44.65400782831104)	(2.0, 16.008636400422905)	(3.0, 8.00995749425178)	(4.0, 4.739174802771027)	(5.0, 3.0009499805446134)	(6.0, 2.082135335041298)	(7.0, 1.5355438591300785)	(8.0, 1.1418072815430649)	(9.0, 0.9537214203365275)	('>10', 8.669868927926144)	('>50', 2.044613552562952)	('>100', 4.408836100481665)	('>500', 1.412274310643315)	('>1k', 1.270759565869259)	('>5k', 0.0677131401643206)	('>10k+', 0.0)
101112H14_R2_001	(1.0, 48.382153789440096)	(2.0, 15.085069008642465)	(3.0, 7.2424625818930055)	(4.0, 4.27292233526773)	(5.0, 2.7960088597533534)	(6.0, 1.9310062850270409)	(7.0, 1.363948758024505)	(8.0, 1.1121717609457942)	(9.0, 0.830687461174481)	('>10', 8.014233350843499)	('>50', 1.9643225171294565)	('>100', 4.1879055139826935)	('>500', 1.3310059016042888)	('>1k', 1.1583882886136063)	('>5k', 0.06523539112042505)	('>10k+', 0.26247819653767296)
101112H4_R1_001	(1.0, 45.50084579098749)	(2.0, 16.88382772610257)	(3.0, 8.285907956055803)	(4.0, 4.66345127645538)	(5.0, 2.7772144316791323)	(6.0, 1.7520205367967168)	(7.0, 1.1846505337894593)	(8.0, 0.9535896193307469)	(9.0, 0.6754382691229323)	('>10', 6.004894106258473)	('>50', 1.7538960328385285)	('>100', 4.741634377213204)	('>500', 2.09499553316345)	('>1k', 2.4955536279758417)	('>5k', 0.23208018223026367)	('>10k+', 0.0)
101112H4_R2_001	(1.0, 48.76135914928554)	(2.0, 16.04886239627804)	(3.0, 7.7442556310546005)	(4.0, 4.187231303808364)	(5.0, 2.556405300071056)	(6.0, 1.6313449959196473)	(7.0, 1.0884732705111864)	(8.0, 0.8725756461803406)	(9.0, 0.6143466299448866)	('>10', 5.632241093762617)	('>50', 1.6723388165630706)	('>100', 4.444050745316764)	('>500', 1.9669618746456432)	('>1k', 2.4409648550882563)	('>5k', 0.18890720523799487)	('>10k+', 0.1496810863319752)
101112H9_R1_001	(1.0, 42.5512329982455)	(2.0, 15.349346842330059)	(3.0, 8.052101888494727)	(4.0, 4.56941480354039)	(5.0, 2.9618614730339976)	(6.0, 1.9398072838178977)	(7.0, 1.4877309994090804)	(8.0, 1.0466205889677376)	(9.0, 0.8500349871144574)	('>10', 7.15802579374329)	('>50', 1.8934939325388194)	('>100', 5.756345401271465)	('>500', 2.724422350898598)	('>1k', 3.3196555100400813)	('>5k', 0.27781554085943627)	('>10k+', 0.062089605694397)
101112H9_R2_001	(1.0, 47.17083247145195)	(2.0, 14.06828914560016)	(3.0, 7.116572605406997)	(4.0, 4.123162883398283)	(5.0, 2.640538067102887)	(6.0, 1.7736488325661361)	(7.0, 1.285896297838076)	(8.0, 0.9646721481945062)	(9.0, 0.7975473804355864)	('>10', 6.776857686813178)	('>50', 1.7651290661657044)	('>100', 5.51469973444187)	('>500', 2.4670650984019082)	('>1k', 3.1349951752409297)	('>5k', 0.20797901225224733)	('>10k+', 0.19211439468940747)
101112L14_R1_001	(1.0, 34.380350723375756)	(2.0, 19.11648622120509)	(3.0, 10.870145251998037)	(4.0, 6.163919548555246)	(5.0, 3.846545716010756)	(6.0, 2.617162910756217)	(7.0, 1.9018867896141902)	(8.0, 1.398359207150498)	(9.0, 1.1419341192462602)	('>10', 9.855299636100199)	('>50', 2.2016034032383334)	('>100', 4.326220696731375)	('>500', 1.164834827414306)	('>1k', 0.9799469099834084)	('>5k', 0.03530403862038593)	('>10k+', 0.0)
101112L14_R2_001	(1.0, 37.38440148635181)	(2.0, 18.347771865048866)	(3.0, 10.50360313747309)	(4.0, 5.669692050405142)	(5.0, 3.7438294997985517)	(6.0, 2.415659542936386)	(7.0, 1.7574092158819963)	(8.0, 1.3547479436375844)	(9.0, 1.0593494670015156)	('>10', 9.386706643772744)	('>50', 2.158582678663384)	('>100', 4.141762290480085)	('>500', 1.1566612856573117)	('>1k', 0.8845301209666395)	('>5k', 0.035292771924958395)	('>10k+', 0.0)
101112L4_R1_001	(1.0, 28.925150516797434)	(2.0, 18.840489563241515)	(3.0, 12.027133092319179)	(4.0, 7.0239645999556215)	(5.0, 4.4094644317339675)	(6.0, 2.6825626135597838)	(7.0, 1.8484601039824664)	(8.0, 1.268799839782875)	(9.0, 0.9209747244467329)	('>10', 7.055321575784866)	('>50', 1.9423951187274553)	('>100', 5.5769198908072894)	('>500', 2.789573615336621)	('>1k', 4.029904001806458)	('>5k', 0.3563798630351618)	('>10k+', 0.30250644868254084)
101112L4_R2_001	(1.0, 31.60404334917855)	(2.0, 18.35562903999772)	(3.0, 11.71078767858688)	(4.0, 6.876197947932418)	(5.0, 4.034225481368702)	(6.0, 2.4945186305057176)	(7.0, 1.7152489317213377)	(8.0, 1.1709051659449947)	(9.0, 0.8947195217390359)	('>10', 6.941488938741312)	('>50', 1.8296140582602045)	('>100', 5.483710803651022)	('>500', 2.6647884618891085)	('>1k', 3.765438050053041)	('>5k', 0.3744705397265662)	('>10k+', 0.0842134007032524)
101112L9_R1_001	(1.0, 43.10481425082984)	(2.0, 14.467454177607994)	(3.0, 7.636884834808794)	(4.0, 4.484847661835743)	(5.0, 2.8670722291954838)	(6.0, 2.1479106775172183)	(7.0, 1.6304847705042906)	(8.0, 1.2141742626503598)	(9.0, 0.9607753930041543)	('>10', 8.244932769439478)	('>50', 2.0160163836750606)	('>100', 5.384071550192719)	('>500', 2.363066486704104)	('>1k', 3.0594841755616438)	('>5k', 0.35442382546653084)	('>10k+', 0.06358655100659147)
101112L9_R2_001	(1.0, 46.76587552382424)	(2.0, 13.770642519895526)	(3.0, 6.988714452414799)	(4.0, 4.211633277038404)	(5.0, 2.7280771907263612)	(6.0, 1.9868266859792667)	(7.0, 1.4361698911054288)	(8.0, 1.1060514600648146)	(9.0, 0.9233465797629465)	('>10', 7.599309885757095)	('>50', 1.8575864009112195)	('>100', 5.006895335892139)	('>500', 2.33750938110371)	('>1k', 2.7708138213397326)	('>5k', 0.33830492806176327)	('>10k+', 0.17224266612261874)
101112M14_R1_001	(1.0, 33.28637665452815)	(2.0, 19.074825207165574)	(3.0, 10.880994809547172)	(4.0, 6.294962227622417)	(5.0, 3.876559794934635)	(6.0, 2.566027713166257)	(7.0, 1.8692614622809407)	(8.0, 1.4172455777394823)	(9.0, 1.1006993754972478)	('>10', 9.079795216380749)	('>50', 2.2057839077767905)	('>100', 5.076110401715071)	('>500', 1.7382057138037341)	('>1k', 1.4942880673036265)	('>5k', 0.0388638705381583)	('>10k+', 0.0)
101112M14_R2_001	(1.0, 36.59565814877761)	(2.0, 18.321333584163057)	(3.0, 10.396147900663003)	(4.0, 6.003492978539636)	(5.0, 3.605958708534503)	(6.0, 2.418269623969889)	(7.0, 1.7427357960203549)	(8.0, 1.3183553177826919)	(9.0, 1.0150447967577376)	('>10', 8.740429232957297)	('>50', 2.07261438806383)	('>100', 4.787750030158235)	('>500', 1.614817073416104)	('>1k', 1.3283597143530481)	('>5k', 0.039032705843023756)	('>10k+', 0.0)
101112M4_R1_001	(1.0, 47.87599288180512)	(2.0, 16.419275812262725)	(3.0, 8.119067442249465)	(4.0, 4.4450362583299246)	(5.0, 2.781150606766495)	(6.0, 1.8551281693945438)	(7.0, 1.2707142127630948)	(8.0, 0.9830118032745617)	(9.0, 0.7913361758131654)	('>10', 6.687507024198856)	('>50', 1.7529027018147167)	('>100', 4.060728352634473)	('>500', 1.3714488921428984)	('>1k', 1.3887541609021374)	('>5k', 0.10788418874859773)	('>10k+', 0.09006131689929733)
101112M4_R2_001	(1.0, 51.57009718407631)	(2.0, 15.343081868364036)	(3.0, 7.323115966523212)	(4.0, 4.075569413220828)	(5.0, 2.5043098451830192)	(6.0, 1.6599379328238084)	(7.0, 1.1398100006004415)	(8.0, 0.903599075132928)	(9.0, 0.6813627215314522)	('>10', 6.176847019004143)	('>50', 1.6974991314459769)	('>100', 3.9214104513148316)	('>500', 1.3346522732345498)	('>1k', 1.2427005779325764)	('>5k', 0.11376592257298665)	('>10k+', 0.31224061703894557)
101112M9_R1_001	(1.0, 43.35207481128178)	(2.0, 15.226129531551788)	(3.0, 7.651572487018566)	(4.0, 4.630297746131273)	(5.0, 3.0093945544798704)	(6.0, 2.184824829112517)	(7.0, 1.6671063353666575)	(8.0, 1.3316639890541941)	(9.0, 1.0780894273644164)	('>10', 8.779052032187328)	('>50', 2.158686070242081)	('>100', 5.042706847845762)	('>500', 1.9830246738438504)	('>1k', 1.7319653088325744)	('>5k', 0.17341135568727473)	('>10k+', 0.0)
101112M9_R2_001	(1.0, 45.94493947025457)	(2.0, 14.444263928821169)	(3.0, 7.257273585465991)	(4.0, 4.3811740880669445)	(5.0, 2.890368586915597)	(6.0, 2.1026257804524)	(7.0, 1.574114909508384)	(8.0, 1.1890839227753314)	(9.0, 0.9823923855521135)	('>10', 8.500376021408073)	('>50', 2.05297218849951)	('>100', 4.786027876144768)	('>500', 1.8817523950911754)	('>1k', 1.686451637288478)	('>5k', 0.16275164676389517)	('>10k+', 0.16343157699159333)
123C14_R1_001	(1.0, 46.003584376891894)	(2.0, 14.759604466184001)	(3.0, 6.909007484105762)	(4.0, 3.9563361016189833)	(5.0, 2.644823970868944)	(6.0, 1.943016687690274)	(7.0, 1.4348116036239311)	(8.0, 1.2301156367576898)	(9.0, 0.9329882901778583)	('>10', 9.493639927438045)	('>50', 2.375629912999821)	('>100', 4.890186038343631)	('>500', 1.5626630205977723)	('>1k', 1.7315876878289262)	('>5k', 0.13200479487256828)	('>10k+', 0.0)
123C14_R2_001	(1.0, 48.33765176766718)	(2.0, 13.968371203583654)	(3.0, 6.494352926474625)	(4.0, 3.745078556875837)	(5.0, 2.4646383142305557)	(6.0, 1.7705703929968872)	(7.0, 1.387443895347087)	(8.0, 1.134723484989507)	(9.0, 0.8947562499042633)	('>10', 9.299896446446883)	('>50', 2.263541956034528)	('>100', 4.675834369101457)	('>500', 1.5082778682699034)	('>1k', 1.6188464375126277)	('>5k', 0.12906523302466416)	('>10k+', 0.30695089754027177)
123C4_R1_001	(1.0, 36.13231232278329)	(2.0, 14.223130370493903)	(3.0, 7.696189187760698)	(4.0, 4.845382850835728)	(5.0, 3.334206347227226)	(6.0, 2.41030590431223)	(7.0, 1.9403681789717235)	(8.0, 1.4617866455010347)	(9.0, 1.290881332123171)	('>10', 12.556301843708562)	('>50', 3.1406042211863063)	('>100', 6.644008990621283)	('>500', 2.2000757019556536)	('>1k', 2.027180626617737)	('>5k', 0.09726547590140801)	('>10k+', 0.0)
123C4_R2_001	(1.0, 38.91517087177767)	(2.0, 13.616059381528425)	(3.0, 7.249024303660705)	(4.0, 4.598019368028723)	(5.0, 3.205809354301834)	(6.0, 2.2832278947812803)	(7.0, 1.7739531378664846)	(8.0, 1.4069217800213538)	(9.0, 1.2494023001374357)	('>10', 11.987879833920552)	('>50', 3.0536970533443752)	('>100', 6.369921457075607)	('>500', 2.11186082429268)	('>1k', 1.9503564207641628)	('>5k', 0.09735174223535932)	('>10k+', 0.13134427626347336)
123C9_R1_001	(1.0, 39.076837215610574)	(2.0, 15.325712266713296)	(3.0, 8.149402620838432)	(4.0, 4.922206363594111)	(5.0, 3.272321882226802)	(6.0, 2.3540486349511283)	(7.0, 1.6960497898698985)	(8.0, 1.3643763613515607)	(9.0, 1.1448468852875613)	('>10', 9.355484289517566)	('>50', 2.1737759662667813)	('>100', 5.780339564760597)	('>500', 2.26933677313613)	('>1k', 2.8168415059044762)	('>5k', 0.23415180525423154)	('>10k+', 0.06426807471678643)
123C9_R2_001	(1.0, 42.616684158738146)	(2.0, 14.608992207577112)	(3.0, 7.537704843707877)	(4.0, 4.563277982485731)	(5.0, 3.059883069985915)	(6.0, 2.1973466761459766)	(7.0, 1.61536473677325)	(8.0, 1.238797419976869)	(9.0, 1.1053618997879238)	('>10', 8.701886009853535)	('>50', 2.1732765377611716)	('>100', 5.405917628008577)	('>500', 2.1470916804197557)	('>1k', 2.562987964344747)	('>5k', 0.2231237224111117)	('>10k+', 0.24230346202236017)
123H14_R1_001	(1.0, 30.135060874018954)	(2.0, 17.223355621406743)	(3.0, 10.118222807486225)	(4.0, 6.191925559659457)	(5.0, 4.186641297548131)	(6.0, 2.907624059213312)	(7.0, 2.244307439002972)	(8.0, 1.7672822728924036)	(9.0, 1.4439210325497907)	('>10', 13.63680622928795)	('>50', 3.1101635489034236)	('>100', 4.905951044531)	('>500', 1.313291957749272)	('>1k', 0.8154462557502216)	('>5k', 0.0)	('>10k+', 0.0)
123H14_R2_001	(1.0, 33.07159066494806)	(2.0, 16.68547639737224)	(3.0, 9.85265381134899)	(4.0, 5.880344009963729)	(5.0, 3.847418329652087)	(6.0, 2.8190187355973904)	(7.0, 2.0837682802285094)	(8.0, 1.6400966909067536)	(9.0, 1.4399300608897148)	('>10', 12.968293562297145)	('>50', 2.9893321698545106)	('>100', 4.732869441373908)	('>500', 1.2001718010538687)	('>1k', 0.789036044513105)	('>5k', 0.0)	('>10k+', 0.0)
123H4_R1_001	(1.0, 37.93480083551623)	(2.0, 16.357535988008568)	(3.0, 8.751772558401973)	(4.0, 4.967389069836283)	(5.0, 3.086017127824098)	(6.0, 2.0546917620936678)	(7.0, 1.4233974372826133)	(8.0, 1.0616124602082326)	(9.0, 0.8607435642640245)	('>10', 7.513199672364124)	('>50', 2.1780327407972293)	('>100', 5.981433209980567)	('>500', 2.8048292112701123)	('>1k', 4.389374248389973)	('>5k', 0.4223496259184261)	('>10k+', 0.21282048784393134)
123H4_R2_001	(1.0, 41.18973115285057)	(2.0, 15.458839822724094)	(3.0, 8.284909625036276)	(4.0, 4.660153174209292)	(5.0, 2.8809395701581577)	(6.0, 1.8562158979417858)	(7.0, 1.320275105644674)	(8.0, 0.9708840907815776)	(9.0, 0.7851666013435781)	('>10', 7.217933994993447)	('>50', 2.1155225833720177)	('>100', 5.70110200657204)	('>500', 2.676072407502375)	('>1k', 4.2035692258607105)	('>5k', 0.2588427528277306)	('>10k+', 0.41984198818176266)
123H9_R1_001	(1.0, 37.39526344559728)	(2.0, 13.31039161540161)	(3.0, 6.316333581787581)	(4.0, 3.5496252311110164)	(5.0, 2.2859322956131902)	(6.0, 1.4556653256956822)	(7.0, 1.1579442526345178)	(8.0, 0.8689624916951195)	(9.0, 0.7333167311044396)	('>10', 7.1801353505303105)	('>50', 2.577908473778714)	('>100', 8.283292258053496)	('>500', 4.8793458462685315)	('>1k', 8.089275795301361)	('>5k', 1.4719244314408888)	('>10k+', 0.44468287398637624)
123H9_R2_001	(1.0, 39.58120041541777)	(2.0, 12.97051223676872)	(3.0, 5.938394059344676)	(4.0, 3.4006140145448027)	(5.0, 2.253792967186928)	(6.0, 1.4782199636938518)	(7.0, 1.069388621008005)	(8.0, 0.8179890518286328)	(9.0, 0.7104957393572537)	('>10', 7.007876035776365)	('>50', 2.386991938960153)	('>100', 7.951860968142095)	('>500', 4.741057021869865)	('>1k', 7.5960790925410056)	('>5k', 1.5410915525454758)	('>10k+', 0.5544363210144008)
123L14_R1_001	(1.0, 38.62184099083692)	(2.0, 14.544625832010958)	(3.0, 7.722882803673173)	(4.0, 4.880223862326094)	(5.0, 3.464551072249189)	(6.0, 2.472382122514709)	(7.0, 1.7300643381677856)	(8.0, 1.5515793646097538)	(9.0, 1.2213615373578413)	('>10', 11.798760711011798)	('>50', 2.862268017931481)	('>100', 5.8117760264119935)	('>500', 1.8608622739263514)	('>1k', 1.3884542349841205)	('>5k', 0.0)	('>10k+', 0.06836681198793848)
123L14_R2_001	(1.0, 41.89514126694072)	(2.0, 13.950464082185555)	(3.0, 7.1974166472568575)	(4.0, 4.520330184343538)	(5.0, 3.1229347109542682)	(6.0, 2.2632190831946253)	(7.0, 1.7768952751908393)	(8.0, 1.4014488462637193)	(9.0, 1.202852813461983)	('>10', 11.012916200704561)	('>50', 2.67807786985487)	('>100', 5.594904776523971)	('>500', 1.7433519483406286)	('>1k', 1.2747296324304673)	('>5k', 0.09174571996483137)	('>10k+', 0.27357094238848034)
123L4_R1_001	(1.0, 34.20151835300157)	(2.0, 16.84806924691887)	(3.0, 9.758413065260646)	(4.0, 5.847206331040889)	(5.0, 3.669074380718238)	(6.0, 2.2306480364256793)	(7.0, 1.5170610834164666)	(8.0, 1.1491105704732187)	(9.0, 0.8321224611554727)	('>10', 6.912787160472387)	('>50', 2.2362252330424766)	('>100', 6.61987565625662)	('>500', 3.150815178906272)	('>1k', 4.233076568472288)	('>5k', 0.2665423773448694)	('>10k+', 0.5274542970940461)
123L4_R2_001	(1.0, 37.72052466501542)	(2.0, 16.051882752185758)	(3.0, 9.146811695889461)	(4.0, 5.359431492497749)	(5.0, 3.3348061560840385)	(6.0, 2.104414848445332)	(7.0, 1.4275349001320543)	(8.0, 1.0465419404528336)	(9.0, 0.7959480476817361)	('>10', 6.542873559206852)	('>50', 2.1196048877114366)	('>100', 6.467832460044836)	('>500', 3.011705925500839)	('>1k', 3.9442605806038595)	('>5k', 0.21783374420986998)	('>10k+', 0.7079923443378118)
123L9_R1_001	(1.0, 46.6199035392638)	(2.0, 15.884645758268254)	(3.0, 7.793030815553949)	(4.0, 4.5164949529249325)	(5.0, 2.950248039485144)	(6.0, 2.040348407341518)	(7.0, 1.4790622471881587)	(8.0, 1.1117283096131558)	(9.0, 0.9712320811398469)	('>10', 7.393174185628921)	('>50', 1.8622152152736118)	('>100', 4.3167726742160015)	('>500', 1.6672537243127505)	('>1k', 1.3261173846756962)	('>5k', 0.06777266511432349)	('>10k+', 0.0)
123L9_R2_001	(1.0, 50.4480455557982)	(2.0, 14.870665952582703)	(3.0, 6.8856356057987)	(4.0, 4.191652497162076)	(5.0, 2.595987218515452)	(6.0, 1.8571167803654431)	(7.0, 1.376161865948191)	(8.0, 1.0320703053632874)	(9.0, 0.8281218877090971)	('>10', 6.983471277239683)	('>50', 1.7335546374447928)	('>100', 4.115815668976765)	('>500', 1.5149910632143346)	('>1k', 1.2222195728353193)	('>5k', 0.0336923530401254)	('>10k+', 0.3107977580058115)
123M4_R1_001	(1.0, 34.246185197026854)	(2.0, 14.568856970001507)	(3.0, 8.084810789103852)	(4.0, 5.087593552764887)	(5.0, 3.3620103121139016)	(6.0, 2.3841394545081367)	(7.0, 1.8334704126906682)	(8.0, 1.4637915013985017)	(9.0, 1.172354839218947)	('>10', 11.6543786862387)	('>50', 2.9352433641368862)	('>100', 6.517426460766687)	('>500', 2.712589541512433)	('>1k', 3.6136074384830392)	('>5k', 0.23842636153092073)	('>10k+', 0.12511511850401147)
123M4_R2_001	(1.0, 37.68651740559596)	(2.0, 13.881199343310776)	(3.0, 7.661769935686536)	(4.0, 4.678766384340921)	(5.0, 3.1482414279963575)	(6.0, 2.2000547798313055)	(7.0, 1.7218576568182296)	(8.0, 1.3810828938002575)	(9.0, 1.1606633951704963)	('>10', 10.96031085089435)	('>50', 2.8488313472384714)	('>100', 6.198246994382087)	('>500', 2.6234664953216176)	('>1k', 3.2787402126708822)	('>5k', 0.32166589489754804)	('>10k+', 0.2485849820442016)
123M9_R1_001	(1.0, 35.78197728382023)	(2.0, 20.463117434014283)	(3.0, 11.495433811426667)	(4.0, 6.335297480767937)	(5.0, 3.681577277529817)	(6.0, 2.318933375087014)	(7.0, 1.512871049032213)	(8.0, 1.1306023926738247)	(9.0, 0.8411066366222161)	('>10', 6.140716581593035)	('>50', 1.6550159981525765)	('>100', 4.611987474951333)	('>500', 1.9853169199590297)	('>1k', 1.806291808929318)	('>5k', 0.12538867283676433)	('>10k+', 0.11436580260368585)
123M9_R2_001	(1.0, 38.32572486537917)	(2.0, 19.71326140560047)	(3.0, 11.28015152945286)	(4.0, 5.9579198988422775)	(5.0, 3.523312723287552)	(6.0, 2.175105916907824)	(7.0, 1.4246175906769847)	(8.0, 1.020000008926786)	(9.0, 0.7680816470021301)	('>10', 6.025208174707089)	('>50', 1.6145761158397525)	('>100', 4.498037150918796)	('>500', 1.8971216907455073)	('>1k', 1.6537962759483702)	('>5k', 0.1230850057645648)	('>10k+', 0.0)
131415C14_R1_001	(1.0, 44.56493859329186)	(2.0, 15.52538417461576)	(3.0, 8.142958873266076)	(4.0, 4.808923185463595)	(5.0, 3.1722937641328706)	(6.0, 2.055849234988685)	(7.0, 1.54633600850748)	(8.0, 1.210938950881409)	(9.0, 1.0378046692913006)	('>10', 8.667532627698272)	('>50', 1.9994599848103713)	('>100', 4.318553862744788)	('>500', 1.528647668695432)	('>1k', 1.3530212596074216)	('>5k', 0.06735714200463108)	('>10k+', 0.0)
131415C14_R2_001	(1.0, 48.64794271907037)	(2.0, 14.486466038648732)	(3.0, 7.320350921710861)	(4.0, 4.403419678778917)	(5.0, 2.7369013575017105)	(6.0, 1.9794710481628601)	(7.0, 1.434870448121804)	(8.0, 1.1708291338327932)	(9.0, 0.9341808509902797)	('>10', 7.94463131178966)	('>50', 1.944302885554961)	('>100', 4.103191512364409)	('>500', 1.432937719120194)	('>1k', 1.2582601311038222)	('>5k', 0.035630497984561235)	('>10k+', 0.16661374526404168)
131415C4_R1_001	(1.0, 33.66794172191928)	(2.0, 16.321067092286256)	(3.0, 9.173715593425872)	(4.0, 5.487823419353226)	(5.0, 3.4610140946513206)	(6.0, 2.3824515104025132)	(7.0, 1.643351745407494)	(8.0, 1.1162591605736614)	(9.0, 0.9067790257405018)	('>10', 7.794311562289917)	('>50', 2.4013922456330112)	('>100', 6.9255155745842245)	('>500', 3.275305101479619)	('>1k', 4.788564704753072)	('>5k', 0.38234445475426404)	('>10k+', 0.27216299274570205)
131415C4_R2_001	(1.0, 36.31306319018485)	(2.0, 15.895598432579533)	(3.0, 8.851445714969941)	(4.0, 5.224055904440513)	(5.0, 3.311885750835159)	(6.0, 2.1140504974536274)	(7.0, 1.5254235031432957)	(8.0, 1.1194536626407288)	(9.0, 0.8437161223590373)	('>10', 7.553783036023252)	('>50', 2.244061094193278)	('>100', 6.545432693093664)	('>500', 3.103110342268867)	('>1k', 4.671225572106424)	('>5k', 0.3200429754586571)	('>10k+', 0.36365150824905573)
131415C9_R1_001	(1.0, 45.387347871660616)	(2.0, 15.370587515601297)	(3.0, 7.672227415230143)	(4.0, 4.424471796802088)	(5.0, 2.840860407681456)	(6.0, 1.918336568792426)	(7.0, 1.4335186588175985)	(8.0, 1.0983465081066868)	(9.0, 0.893351945957465)	('>10', 7.716281751624125)	('>50', 1.949089675945145)	('>100', 5.076962478925102)	('>500', 1.984170839690551)	('>1k', 2.05799490937892)	('>5k', 0.17645165578627872)	('>10k+', 0.0)
131415C9_R2_001	(1.0, 48.81966575801524)	(2.0, 14.430393130689382)	(3.0, 7.1144182547273545)	(4.0, 4.093944620346635)	(5.0, 2.5923017194052296)	(6.0, 1.7287252696625666)	(7.0, 1.3737691838742272)	(8.0, 1.0041337669263506)	(9.0, 0.8345318824578091)	('>10', 7.154960643757163)	('>50', 1.8748614063764446)	('>100', 4.796657588383719)	('>500', 1.9416692538172478)	('>1k', 1.9270589103573301)	('>5k', 0.11200647987501765)	('>10k+', 0.20090213132842547)
131415H14_R1_001	(1.0, 45.46986593256548)	(2.0, 16.06545392139334)	(3.0, 7.993669993758572)	(4.0, 4.8599559350484896)	(5.0, 3.059925701289527)	(6.0, 2.1010137685588055)	(7.0, 1.5844632153433715)	(8.0, 1.1961162449007676)	(9.0, 0.9557149019328877)	('>10', 8.533333479444497)	('>50', 1.979902159410016)	('>100', 4.1261614615929725)	('>500', 1.2220650340947201)	('>1k', 0.8523582506665175)	('>5k', 0.0)	('>10k+', 0.0)
131415H14_R2_001	(1.0, 49.07339655426459)	(2.0, 15.047700486351578)	(3.0, 7.4693277931979845)	(4.0, 4.3938156168515)	(5.0, 2.878480314960408)	(6.0, 1.9538578401349875)	(7.0, 1.4280143522164268)	(8.0, 1.1320093333372103)	(9.0, 0.8889705040015403)	('>10', 7.89835624280637)	('>50', 1.844533590230073)	('>100', 3.9255323782140263)	('>500', 1.1367260203136498)	('>1k', 0.8169245700486639)	('>5k', 0.0)	('>10k+', 0.11235440307109279)
131415H4_R1_001	(1.0, 29.447211467305085)	(2.0, 18.60452860449195)	(3.0, 11.61668999044864)	(4.0, 6.971939955890254)	(5.0, 4.2135332907361285)	(6.0, 2.6382904979497823)	(7.0, 1.7632943397397967)	(8.0, 1.2840365301741767)	(9.0, 0.9551650979183695)	('>10', 7.548553325309718)	('>50', 2.1175793533322027)	('>100', 5.956229948184542)	('>500', 2.8265368615842066)	('>1k', 3.7233807780255352)	('>5k', 0.25947423239748896)	('>10k+', 0.07355572651204957)
131415H4_R2_001	(1.0, 31.714269174780483)	(2.0, 18.231001722857123)	(3.0, 11.189074832994898)	(4.0, 6.676297116029358)	(5.0, 3.9930161364453514)	(6.0, 2.5284425288220986)	(7.0, 1.7531319930930118)	(8.0, 1.1716172591438445)	(9.0, 0.9507553996346172)	('>10', 7.375359316606215)	('>50', 2.114914330451896)	('>100', 5.742447277801832)	('>500', 2.7663555647184523)	('>1k', 3.49406436580518)	('>5k', 0.22629824346843191)	('>10k+', 0.0729547373471955)
131415H9_R1_001	(1.0, 43.32323019327896)	(2.0, 14.87600724988067)	(3.0, 7.327963862387735)	(4.0, 4.201092885044027)	(5.0, 2.666697374542425)	(6.0, 1.8007102514103936)	(7.0, 1.3126189858029353)	(8.0, 1.0584952868911817)	(9.0, 0.834179573568341)	('>10', 7.722641434648578)	('>50', 2.2148791245827555)	('>100', 6.1643911423988635)	('>500', 2.7651730295662085)	('>1k', 3.39730531863628)	('>5k', 0.27361630840810186)	('>10k+', 0.060997978952660716)
131415H9_R2_001	(1.0, 47.16617506921143)	(2.0, 13.698693315010594)	(3.0, 6.640100003966384)	(4.0, 3.857555487304261)	(5.0, 2.42446253157822)	(6.0, 1.7302128440762339)	(7.0, 1.2264949227716302)	(8.0, 0.9782203067691927)	(9.0, 0.759035782946948)	('>10', 7.283797924832965)	('>50', 2.082224180059229)	('>100', 5.926317642477781)	('>500', 2.5733118248388527)	('>1k', 3.2442246115221667)	('>5k', 0.20546990986635905)	('>10k+', 0.20370364276781425)
131415L14_R1_001	(1.0, 46.52886140840231)	(2.0, 15.357377357879374)	(3.0, 7.673617719168574)	(4.0, 4.546537906089646)	(5.0, 3.1218538808687293)	(6.0, 2.1881697894078904)	(7.0, 1.6252265126255014)	(8.0, 1.3807177858670774)	(9.0, 1.054192187891609)	('>10', 9.28303647446436)	('>50', 1.9512896683865573)	('>100', 3.5363657183209876)	('>500', 0.994995196156319)	('>1k', 0.7269622978774384)	('>5k', 0.03079609659353324)	('>10k+', 0.0)
131415L14_R2_001	(1.0, 50.41121184766947)	(2.0, 14.425162583558693)	(3.0, 7.093864363161138)	(4.0, 4.114157785837294)	(5.0, 2.7214024160063497)	(6.0, 1.9606493406738736)	(7.0, 1.4881604867737745)	(8.0, 1.198862004858151)	(9.0, 0.9932545124737205)	('>10', 8.550114675889896)	('>50', 1.9039819384648355)	('>100', 3.3041277623096033)	('>500', 0.9557488142063636)	('>1k', 0.6958464097124245)	('>5k', 0.029869689951982602)	('>10k+', 0.1535853684525125)
131415L4_R1_001	(1.0, 4.57432138031674)	(2.0, 2.962137969076497)	(3.0, 3.365927358009282)	(4.0, 3.545153854892633)	(5.0, 3.486590477533116)	(6.0, 3.144885348470651)	(7.0, 2.740687914445046)	(8.0, 2.2668875360183542)	(9.0, 1.8330223927045726)	('>10', 7.522372412744242)	('>50', 1.947551905141174)	('>100', 9.498111623156788)	('>500', 7.310153845438136)	('>1k', 25.906884060801822)	('>5k', 9.450692071298192)	('>10k+', 10.444619849952733)
131415L4_R2_001	(1.0, 5.997224007927385)	(2.0, 3.054612106176817)	(3.0, 3.4097796718877857)	(4.0, 3.6043602786864533)	(5.0, 3.5032791158898533)	(6.0, 3.129982055397826)	(7.0, 2.7391098243492293)	(8.0, 2.322588449000558)	(9.0, 1.7868266942233626)	('>10', 7.50202688077783)	('>50', 1.9333743208572858)	('>100', 9.401861379484322)	('>500', 7.215820237388177)	('>1k', 25.093616661101425)	('>5k', 9.505102590127208)	('>10k+', 9.800435726724476)
131415L9_R1_001	(1.0, 44.45792111210563)	(2.0, 15.535591317118126)	(3.0, 7.905168973611651)	(4.0, 4.579026955589992)	(5.0, 3.0697311812335473)	(6.0, 1.9670141681085263)	(7.0, 1.4971238319140212)	(8.0, 1.0907360608926326)	(9.0, 0.9008194617375855)	('>10', 7.760446158151218)	('>50', 1.9663049120984786)	('>100', 4.949016786021049)	('>500', 1.9307562997194074)	('>1k', 2.0762497722122135)	('>5k', 0.17660741604571617)	('>10k+', 0.13748559344023548)
131415L9_R2_001	(1.0, 48.92870517938175)	(2.0, 14.2398310200168)	(3.0, 7.185965195311218)	(4.0, 4.125628416659423)	(5.0, 2.564960475328669)	(6.0, 1.8131120465819859)	(7.0, 1.368282031217667)	(8.0, 1.0322161104819827)	(9.0, 0.8680718903120598)	('>10', 7.222215752688982)	('>50', 1.8548105528430947)	('>100', 4.6420080233975325)	('>500', 1.8683154050804562)	('>1k', 1.8731839650349968)	('>5k', 0.17054184250974713)	('>10k+', 0.24215209315357625)
131415M14_R1_001	(1.0, 41.51975456314631)	(2.0, 15.741009064818401)	(3.0, 8.334576750105537)	(4.0, 5.120085657608835)	(5.0, 3.4589473087546376)	(6.0, 2.4145223830110503)	(7.0, 1.8981046321350825)	(8.0, 1.4064951628984792)	(9.0, 1.1312379293038541)	('>10', 10.118434324570904)	('>50', 2.250713989656392)	('>100', 4.194478134065033)	('>500', 1.2971577431420622)	('>1k', 0.9859467789157843)	('>5k', 0.0)	('>10k+', 0.12853557786771075)
131415M14_R2_001	(1.0, 46.337879100186356)	(2.0, 14.403284184578116)	(3.0, 7.724167529635237)	(4.0, 4.621207760336243)	(5.0, 2.991274327737412)	(6.0, 2.2144434789373193)	(7.0, 1.647564634912035)	(8.0, 1.3197766252596799)	(9.0, 1.0765866125804033)	('>10', 9.259748223950252)	('>50', 2.090031704645394)	('>100', 3.9170506645733476)	('>500', 1.2438317054467396)	('>1k', 0.8313281908219154)	('>5k', 0.043965711357936504)	('>10k+', 0.27785954504165367)
131415M4_R1_001	(1.0, 41.31014926900388)	(2.0, 16.28076002434269)	(3.0, 8.560035540455905)	(4.0, 4.937032871877076)	(5.0, 3.040568511482958)	(6.0, 1.9320556901271526)	(7.0, 1.4784021243836536)	(8.0, 1.0877975701968168)	(9.0, 0.8206352474526702)	('>10', 7.141329479116049)	('>50', 1.9545532732535897)	('>100', 5.389396992005969)	('>500', 2.463113603891565)	('>1k', 3.360079795230147)	('>5k', 0.1792283164673782)	('>10k+', 0.06486169071243587)
131415M4_R2_001	(1.0, 45.236857201698506)	(2.0, 15.213925134635515)	(3.0, 7.708469988943133)	(4.0, 4.454864457302977)	(5.0, 2.7585501700341073)	(6.0, 1.8082058329241892)	(7.0, 1.3384488081453487)	(8.0, 0.9916826336267686)	(9.0, 0.7831739616648193)	('>10', 6.770889938535948)	('>50', 1.8311232933418493)	('>100', 5.21979388472505)	('>500', 2.337369351361132)	('>1k', 3.11447556347868)	('>5k', 0.17386051849444384)	('>10k+', 0.25830926108761)
131415M9_R1_001	(1.0, 45.006318927120404)	(2.0, 14.840221373427001)	(3.0, 7.511185274024726)	(4.0, 4.3667138844319515)	(5.0, 2.78573902923607)	(6.0, 2.014244241063184)	(7.0, 1.4290384891404284)	(8.0, 1.1288410535711697)	(9.0, 0.8757710873270458)	('>10', 7.590641491869129)	('>50', 2.042794814144066)	('>100', 5.426332738138081)	('>500', 2.2199610668832337)	('>1k', 2.592079877405409)	('>5k', 0.17011665221798847)	('>10k+', 0.0)
131415M9_R2_001	(1.0, 48.00659522812952)	(2.0, 14.340198895122109)	(3.0, 7.0177380181636275)	(4.0, 4.005462099109507)	(5.0, 2.5072896550165082)	(6.0, 1.8216881371468638)	(7.0, 1.27292404528525)	(8.0, 1.088063158644285)	(9.0, 0.8072639764492061)	('>10', 7.2028866242847105)	('>50', 1.977014368717648)	('>100', 5.187393505052773)	('>500', 2.1175465213920464)	('>1k', 2.3701488063411644)	('>5k', 0.16482555647304684)	('>10k+', 0.11296140467171953)
13M14_R1_001	(1.0, 28.087770911032493)	(2.0, 18.049285003219854)	(3.0, 11.357733305769806)	(4.0, 6.997571420161258)	(5.0, 4.311815029489156)	(6.0, 2.834141784342683)	(7.0, 1.9852060899628348)	(8.0, 1.5040302898712632)	(9.0, 1.247983159763649)	('>10', 10.59782047022953)	('>50', 2.6387408348692887)	('>100', 6.387639580676209)	('>500', 2.220390779453541)	('>1k', 1.7409979698969482)	('>5k', 0.03887337126158307)	('>10k+', 0.0)
13M14_R2_001	(1.0, 29.826478339617736)	(2.0, 17.62074895657478)	(3.0, 11.166639737595476)	(4.0, 6.773880930239796)	(5.0, 4.161398606677942)	(6.0, 2.8026256721788116)	(7.0, 1.9377427326091263)	(8.0, 1.4350924584060383)	(9.0, 1.223297431821402)	('>10', 10.365667677733494)	('>50', 2.696264560446074)	('>100', 6.1108749303513195)	('>500', 2.109318797204709)	('>1k', 1.7341830678035537)	('>5k', 0.035786100739657704)	('>10k+', 0.0)
456C4_R1_001	(1.0, 48.92062574842153)	(2.0, 16.914968057543334)	(3.0, 7.515436008453516)	(4.0, 4.054630616175434)	(5.0, 2.463001836947183)	(6.0, 1.6822911573717014)	(7.0, 1.2059636431371061)	(8.0, 0.8937721680574594)	(9.0, 0.7164109456727195)	('>10', 6.146745924716781)	('>50', 1.58791787810168)	('>100', 4.1257794239882815)	('>500', 1.6422502558970085)	('>1k', 1.9947318603702073)	('>5k', 0.1354744751462102)	('>10k+', 0.0)
456C4_R2_001	(1.0, 51.83643531468264)	(2.0, 15.836018463891428)	(3.0, 6.919545308236093)	(4.0, 3.845209664217781)	(5.0, 2.3178700371786416)	(6.0, 1.4909861193779648)	(7.0, 1.0863871640253981)	(8.0, 0.8609523955159096)	(9.0, 0.6090969847022117)	('>10', 5.896746258063818)	('>50', 1.604971588229105)	('>100', 3.902963319372637)	('>500', 1.5819303008918242)	('>1k', 1.8702079925520003)	('>5k', 0.13462551499556902)	('>10k+', 0.20605357406733885)
456H4_R1_001	(1.0, 26.99499575465305)	(2.0, 14.421979985798469)	(3.0, 8.554464786039894)	(4.0, 5.160687830586035)	(5.0, 3.1262776814361652)	(6.0, 2.1106235311435633)	(7.0, 1.454918321287967)	(8.0, 1.057170089126765)	(9.0, 0.7796556108586885)	('>10', 7.057508218149894)	('>50', 2.531522835779822)	('>100', 7.644457731422379)	('>500', 4.801970906826048)	('>1k', 10.455232206029097)	('>5k', 2.72896570112785)	('>10k+', 1.119568809734272)
456H4_R2_001	(1.0, 29.85671781472336)	(2.0, 14.085575383413445)	(3.0, 8.132030402832232)	(4.0, 4.9364769003734805)	(5.0, 2.9728776049985672)	(6.0, 1.941271305949314)	(7.0, 1.3366414898016612)	(8.0, 0.9568170481467948)	(9.0, 0.7428654572158454)	('>10', 6.802694455126945)	('>50', 2.441987439345942)	('>100', 7.393676707474181)	('>500', 4.612028227922598)	('>1k', 9.959053121264128)	('>5k', 2.6833369474237734)	('>10k+', 1.1459496939877578)
456H9_R1_001	(1.0, 16.224977943760425)	(2.0, 14.19209867904699)	(3.0, 12.46801076770099)	(4.0, 9.854565464107962)	(5.0, 7.375895305747822)	(6.0, 5.471233679277241)	(7.0, 3.8600248543966966)	(8.0, 2.7336760106240785)	(9.0, 1.9204999205656312)	('>10', 8.876602185025192)	('>50', 1.9339203578642488)	('>100', 6.305203429589912)	('>500', 3.0991011228792704)	('>1k', 4.653575661912318)	('>5k', 0.5871148149325618)	('>10k+', 0.44349980256865723)
456H9_R2_001	(1.0, 19.220655430312277)	(2.0, 13.821548279326246)	(3.0, 12.179712114197807)	(4.0, 9.535019013032993)	(5.0, 7.207070856781684)	(6.0, 5.164897165811308)	(7.0, 3.6842779769891165)	(8.0, 2.651392212552913)	(9.0, 1.8240012537811694)	('>10', 8.40008255357109)	('>50', 1.8272669879886934)	('>100', 6.1847665715221245)	('>500', 2.9251471855481923)	('>1k', 4.472570895501582)	('>5k', 0.45099961108964254)	('>10k+', 0.450591891993194)
456L14_R1_001	(1.0, 42.665600927743775)	(2.0, 17.269044568317454)	(3.0, 8.823963994827617)	(4.0, 5.048452365135468)	(5.0, 3.1499741218741115)	(6.0, 2.2482344813974295)	(7.0, 1.6991985476853715)	(8.0, 1.2590583375002402)	(9.0, 1.0454425829149019)	('>10', 9.15842538783066)	('>50', 2.053821971672602)	('>100', 3.8422790075380906)	('>500', 0.9839658580765163)	('>1k', 0.7525378474857004)	('>5k', 0.0)	('>10k+', 0.0)
456L14_R2_001	(1.0, 45.00870504907874)	(2.0, 16.683810569735773)	(3.0, 8.329232287469193)	(4.0, 4.716145940107244)	(5.0, 3.045844206006211)	(6.0, 2.07979824705956)	(7.0, 1.4948617350681674)	(8.0, 1.189221430766044)	(9.0, 0.9521433592572591)	('>10', 8.823414589654345)	('>50', 2.027728105713705)	('>100', 3.6758978271989444)	('>500', 0.9307937111980807)	('>1k', 0.7037842258535296)	('>5k', 0.0)	('>10k+', 0.3386187158333043)
456L4_R1_001	(1.0, 13.554290574428174)	(2.0, 10.383898762504884)	(3.0, 8.350039941805601)	(4.0, 6.060564795679345)	(5.0, 4.182299092704494)	(6.0, 2.6762515416509927)	(7.0, 1.7825348062157627)	(8.0, 1.2478248025318364)	(9.0, 0.8346588528993435)	('>10', 5.852711560595751)	('>50', 2.350177565205221)	('>100', 8.837792413678356)	('>500', 6.650585415767862)	('>1k', 18.031760619080067)	('>5k', 5.702549371946417)	('>10k+', 3.502059883305949)
456L4_R2_001	(1.0, 14.883357586054458)	(2.0, 10.542711825168444)	(3.0, 8.192637518789253)	(4.0, 5.9795886006899055)	(5.0, 3.9869462192441674)	(6.0, 2.701621676427117)	(7.0, 1.7982989703570391)	(8.0, 1.2002759968559056)	(9.0, 0.7977580691283422)	('>10', 5.826111420387282)	('>50', 2.3780013860761064)	('>100', 8.799196756358091)	('>500', 6.342491736495183)	('>1k', 17.714784488058612)	('>5k', 5.64097845392338)	('>10k+', 3.2152392959867404)
456L9_R1_001	(1.0, 26.800384489028307)	(2.0, 17.037619850656284)	(3.0, 10.608105319590491)	(4.0, 6.482364049249978)	(5.0, 4.054798807774528)	(6.0, 2.6526202534625543)	(7.0, 1.8646955524270963)	(8.0, 1.352291085715936)	(9.0, 1.0232730778223618)	('>10', 8.536248699625999)	('>50', 2.4542933204174004)	('>100', 8.045034310696519)	('>500', 3.7773512540055605)	('>1k', 4.769061434282114)	('>5k', 0.45043138254229126)	('>10k+', 0.09142711270252483)
456L9_R2_001	(1.0, 29.10422986564486)	(2.0, 16.860813890988936)	(3.0, 10.213835661225175)	(4.0, 6.214372599002741)	(5.0, 3.888581673655057)	(6.0, 2.542219402719223)	(7.0, 1.8249215686707592)	(8.0, 1.3147869748006202)	(9.0, 1.0019130340530928)	('>10', 8.258514708556545)	('>50', 2.322634073790896)	('>100', 7.743744784820543)	('>500', 3.6579717080342085)	('>1k', 4.549094145524702)	('>5k', 0.4315080301576192)	('>10k+', 0.07085787835498951)
456M14_R1_001	(1.0, 33.243812425551724)	(2.0, 19.23397649271997)	(3.0, 11.069543605433578)	(4.0, 6.092218068153089)	(5.0, 3.766356233191727)	(6.0, 2.3814717081649266)	(7.0, 1.6316976319755632)	(8.0, 1.3048218018062896)	(9.0, 0.966889678915931)	('>10', 8.642011298322734)	('>50', 2.147933769004516)	('>100', 5.632114450019164)	('>500', 1.9200713736795672)	('>1k', 1.8417428522522064)	('>5k', 0.12533861080912567)	('>10k+', 0.0)
456M14_R2_001	(1.0, 36.00832364608022)	(2.0, 18.50103595437488)	(3.0, 10.430055102840917)	(4.0, 5.856636651400132)	(5.0, 3.663751414125723)	(6.0, 2.29568618453672)	(7.0, 1.6453521450619044)	(8.0, 1.1963270501612258)	(9.0, 0.9499409161015946)	('>10', 8.263357529361922)	('>50', 2.1114524080043635)	('>100', 5.434151615585163)	('>500', 1.8142266192752685)	('>1k', 1.7062384216290667)	('>5k', 0.12346434146079119)	('>10k+', 0.0)
456M4_R1_001	(1.0, 44.04407973564396)	(2.0, 16.76652755478426)	(3.0, 8.687309491425292)	(4.0, 5.064733992584214)	(5.0, 3.038489263128476)	(6.0, 1.9985717323853514)	(7.0, 1.3908788932077787)	(8.0, 1.0285633706762416)	(9.0, 0.7683595475722407)	('>10', 7.0293176300149725)	('>50', 1.8104082440740614)	('>100', 4.340285108817097)	('>500', 1.6382029315685294)	('>1k', 1.9405959515279798)	('>5k', 0.1260027587977624)	('>10k+', 0.32767379379183015)
456M4_R2_001	(1.0, 48.15429541577581)	(2.0, 15.568070517302948)	(3.0, 7.809917582499301)	(4.0, 4.474933411510002)	(5.0, 2.7878271027363355)	(6.0, 1.8424973617146647)	(7.0, 1.2576215751305742)	(8.0, 0.9322865262985903)	(9.0, 0.7306839302303054)	('>10', 6.615097188457229)	('>50', 1.734886583859936)	('>100', 4.1374352218052195)	('>500', 1.4966501302808002)	('>1k', 1.8651147823254495)	('>5k', 0.12028374440758391)	('>10k+', 0.47239892566520536)
456M9_R1_001	(1.0, 34.821978530587565)	(2.0, 15.408263618515106)	(3.0, 8.02584296167805)	(4.0, 4.639543398315729)	(5.0, 2.747560071923277)	(6.0, 1.841980564978991)	(7.0, 1.3458095067527456)	(8.0, 0.9919924735174803)	(9.0, 0.7607152960798912)	('>10', 6.851280225697229)	('>50', 2.332052035203448)	('>100', 7.5507836005532125)	('>500', 4.222220858517009)	('>1k', 6.959144111669508)	('>5k', 1.1529381575709012)	('>10k+', 0.3478945884398192)
456M9_R2_001	(1.0, 38.097372606959)	(2.0, 14.734324392675195)	(3.0, 7.507675554243242)	(4.0, 4.257321246750482)	(5.0, 2.644549710998266)	(6.0, 1.6712165219666884)	(7.0, 1.1891675128040948)	(8.0, 0.92399877128187)	(9.0, 0.7294642343345598)	('>10', 6.5758419643128185)	('>50', 2.189742351239163)	('>100', 7.194562790450106)	('>500', 4.060834034296473)	('>1k', 6.551990885783779)	('>5k', 1.0149707404862836)	('>10k+', 0.6569666814181905)
45C14_R1_001	(1.0, 10.522866290789928)	(2.0, 8.860414696888014)	(3.0, 7.870268509656103)	(4.0, 6.3593685666595)	(5.0, 4.756274310956652)	(6.0, 3.414708035153477)	(7.0, 2.5019637401067456)	(8.0, 1.714503425743385)	(9.0, 1.227082400753751)	('>10', 6.4192304544192575)	('>50', 2.330641173183162)	('>100', 8.349867788434674)	('>500', 6.515367319046383)	('>1k', 18.515448200757074)	('>5k', 6.157151432851854)	('>10k+', 4.484843654600106)
45C14_R2_001	(1.0, 12.686160295482651)	(2.0, 8.8656293307099)	(3.0, 7.854412955858257)	(4.0, 6.274394991688771)	(5.0, 4.665434601768478)	(6.0, 3.3231433102008814)	(7.0, 2.3805148400018825)	(8.0, 1.6874678101399592)	(9.0, 1.1867075490301295)	('>10', 6.3579980630489406)	('>50', 2.2621798872247325)	('>100', 8.222368385281836)	('>500', 6.295041950343918)	('>1k', 18.164368978023525)	('>5k', 5.817731959407439)	('>10k+', 3.956445091788669)
45C9_R1_001	(1.0, 32.913330560037416)	(2.0, 16.25885282782437)	(3.0, 8.83361002317424)	(4.0, 5.39550312118557)	(5.0, 3.501079430090547)	(6.0, 2.22619246629471)	(7.0, 1.6839695953976608)	(8.0, 1.2349339406620572)	(9.0, 1.0016137537727647)	('>10', 8.388715327758204)	('>50', 2.379633479386033)	('>100', 7.0328944578474095)	('>500', 3.44783432208394)	('>1k', 4.878666240237055)	('>5k', 0.40784600325683257)	('>10k+', 0.4153244509913206)
45C9_R2_001	(1.0, 36.31628486943735)	(2.0, 15.762048150516787)	(3.0, 8.438588308495158)	(4.0, 5.043553095629392)	(5.0, 3.1458138541014056)	(6.0, 2.077539395117901)	(7.0, 1.5468424690528484)	(8.0, 1.1565493750780829)	(9.0, 0.8892825318661559)	('>10', 7.7598199687608505)	('>50', 2.2642385627283823)	('>100', 6.6465459642199285)	('>500', 3.3182662325689365)	('>1k', 4.4711895040580645)	('>5k', 0.3555193705788587)	('>10k+', 0.8079183477900029)
45H14_R1_001	(1.0, 24.624806043456303)	(2.0, 16.231110241096143)	(3.0, 11.28689610056268)	(4.0, 7.588300388035889)	(5.0, 4.898958954379385)	(6.0, 3.331499664628248)	(7.0, 2.2486872669661784)	(8.0, 1.5131644228303238)	(9.0, 1.1436818936885988)	('>10', 7.884047908487017)	('>50', 2.4111747237072008)	('>100', 7.215388858116327)	('>500', 3.2994513945302506)	('>1k', 5.353358941043979)	('>5k', 0.7353142372586918)	('>10k+', 0.23415896121274463)
45H14_R2_001	(1.0, 26.781454377600326)	(2.0, 16.02028748653623)	(3.0, 10.888086096736542)	(4.0, 7.390565773296302)	(5.0, 4.720903406976829)	(6.0, 3.1701136530646434)	(7.0, 2.1088396633184314)	(8.0, 1.4231372576939045)	(9.0, 1.0402456053967768)	('>10', 7.57248597077446)	('>50', 2.385942493651805)	('>100', 7.146419293505459)	('>500', 3.165762894338215)	('>1k', 5.142653517637453)	('>5k', 0.6376667993326159)	('>10k+', 0.40543571014000973)
67C9_R1_001	(1.0, 27.343476997017213)	(2.0, 17.952411522828157)	(3.0, 11.395297075022679)	(4.0, 6.702498796430552)	(5.0, 4.103032028384031)	(6.0, 2.4594237986832335)	(7.0, 1.7102490860413864)	(8.0, 1.198379512749184)	(9.0, 0.8827841074781757)	('>10', 7.009480142330481)	('>50', 2.322053031348769)	('>100', 7.082226910331844)	('>500', 3.8106513646982676)	('>1k', 5.312137374597857)	('>5k', 0.5617146195989275)	('>10k+', 0.154183632459248)
67C9_R2_001	(1.0, 29.822408068680634)	(2.0, 17.402666981507682)	(3.0, 10.945890838436625)	(4.0, 6.461921904768501)	(5.0, 3.893686171873888)	(6.0, 2.441710477861116)	(7.0, 1.534018337893939)	(8.0, 1.1335047817466304)	(9.0, 0.8445256794021805)	('>10', 6.791047023609886)	('>50', 2.174649507683374)	('>100', 7.096872758430542)	('>500', 3.70837057191832)	('>1k', 5.207971793968946)	('>5k', 0.38954295732719996)	('>10k+', 0.15121214489059423)
6C14_R1_001	(1.0, 46.06595021269879)	(2.0, 15.379022661151525)	(3.0, 7.580742187608243)	(4.0, 4.2655176114648805)	(5.0, 2.711298019200024)	(6.0, 1.8579599998687228)	(7.0, 1.3410992482778514)	(8.0, 1.0061424251764828)	(9.0, 0.8055384304416707)	('>10', 7.048478499754306)	('>50', 1.9341073944543339)	('>100', 5.324949316305857)	('>500', 2.076700525966791)	('>1k', 2.3945675906639976)	('>5k', 0.14952136416523845)	('>10k+', 0.05840451280114448)
6C14_R2_001	(1.0, 48.65040140678353)	(2.0, 14.707172898509485)	(3.0, 7.110257141281953)	(4.0, 4.067089970825155)	(5.0, 2.460222072584912)	(6.0, 1.7384191245842868)	(7.0, 1.1631691348594493)	(8.0, 0.9413729302915728)	(9.0, 0.7599885719243138)	('>10', 6.829770513086307)	('>50', 1.8363433240771128)	('>100', 5.20275474295218)	('>500', 1.9349889311534312)	('>1k', 2.3519916112182773)	('>5k', 0.1180585917204886)	('>10k+', 0.12799903414741498)
789C4_R1_001	(1.0, 7.506175807838024)	(2.0, 3.598880574446781)	(3.0, 5.200694736705218)	(4.0, 6.534694861760474)	(5.0, 7.268805782969517)	(6.0, 7.827768779330187)	(7.0, 7.886059838993267)	(8.0, 7.823756906094578)	(9.0, 7.118901352281037)	('>10', 32.99343511107515)	('>50', 1.3008575099839361)	('>100', 3.103620791515488)	('>500', 1.2825933088938997)	('>1k', 0.30272705254158805)	('>5k', 0.0)	('>10k+', 0.25102758557085947)
789C4_R2_001	(1.0, 9.437626238494277)	(2.0, 3.7902864819133644)	(3.0, 5.069837014522217)	(4.0, 6.445230855636658)	(5.0, 7.193725985331419)	(6.0, 7.724724226108798)	(7.0, 7.911760057390128)	(8.0, 7.467193950230423)	(9.0, 6.935338915740349)	('>10', 31.820773982083228)	('>50', 1.2464846020529297)	('>100', 3.072530433297697)	('>500', 1.2744889003514008)	('>1k', 0.2454467263757069)	('>5k', 0.0)	('>10k+', 0.3645516304713245)
789H14_R1_001	(1.0, 33.55480178521606)	(2.0, 19.012746111818306)	(3.0, 10.783429541359459)	(4.0, 6.308594228821342)	(5.0, 3.907709489831171)	(6.0, 2.62604574170586)	(7.0, 1.8253385576524617)	(8.0, 1.547869453963054)	(9.0, 1.1520558670326628)	('>10', 10.001226106212203)	('>50', 2.2983996792591292)	('>100', 4.61931168991868)	('>500', 1.380863433222164)	('>1k', 0.9816083139875392)	('>5k', 0.0)	('>10k+', 0.0)
789H14_R2_001	(1.0, 35.87651737330059)	(2.0, 18.681295675729977)	(3.0, 10.39033733668808)	(4.0, 6.027949660909853)	(5.0, 3.6573522151085918)	(6.0, 2.4507241890013574)	(7.0, 1.8739551157305399)	(8.0, 1.4698321157294072)	(9.0, 1.144195305379977)	('>10', 9.611927531998877)	('>50', 2.1673531911403243)	('>100', 4.432486930607272)	('>500', 1.316908491857117)	('>1k', 0.8991648668179893)	('>5k', 0.0)	('>10k+', 0.0)
789H4_R1_001	(1.0, 24.372458749294697)	(2.0, 16.536715937629104)	(3.0, 10.889975584598107)	(4.0, 6.876062767935828)	(5.0, 4.302526792605319)	(6.0, 2.7866090972887414)	(7.0, 1.898030231369561)	(8.0, 1.3354528160598071)	(9.0, 1.089721098628486)	('>10', 9.00106886985017)	('>50', 2.500117601604637)	('>100', 6.982316235942918)	('>500', 3.728337493018679)	('>1k', 6.220408638888665)	('>5k', 1.0470105811705364)	('>10k+', 0.4331875041148025)
789H4_R2_001	(1.0, 27.35951962220493)	(2.0, 16.105117984714123)	(3.0, 10.698915595269645)	(4.0, 6.566558807540888)	(5.0, 3.949357633408763)	(6.0, 2.689823243703624)	(7.0, 1.8366396765896533)	(8.0, 1.3298834091388103)	(9.0, 1.0086767620687032)	('>10', 8.5411595942353)	('>50', 2.3459737586957843)	('>100', 6.779352678854032)	('>500', 3.6238808064318127)	('>1k', 5.910627127408377)	('>5k', 0.9826783564880339)	('>10k+', 0.2718349432475438)
789H9_R1_001	(1.0, 44.19224447337307)	(2.0, 14.814336792589557)	(3.0, 7.46946763807846)	(4.0, 4.495877888166896)	(5.0, 3.067613367858397)	(6.0, 2.1445136427754345)	(7.0, 1.5890631500544243)	(8.0, 1.2202689284550086)	(9.0, 0.9896289335487496)	('>10', 8.452208249093566)	('>50', 2.058540371589258)	('>100', 5.035005670119817)	('>500', 2.0560646592819007)	('>1k', 2.1716081890887877)	('>5k', 0.24355804592661293)	('>10k+', 0.0)
789H9_R2_001	(1.0, 48.678804127212594)	(2.0, 13.537149717824033)	(3.0, 6.744361508579096)	(4.0, 4.101185396992818)	(5.0, 2.738130153110583)	(6.0, 1.882850386754967)	(7.0, 1.500460776586489)	(8.0, 1.1783342125118093)	(9.0, 0.8608161488587741)	('>10', 7.743968054553039)	('>50', 1.970961561415669)	('>100', 4.758214957240724)	('>500', 1.8751254778936526)	('>1k', 2.042897099666863)	('>5k', 0.1522155139020254)	('>10k+', 0.23452490689691002)
789L14_R1_001	(1.0, 44.26590600967263)	(2.0, 14.5707460509475)	(3.0, 7.590415094007675)	(4.0, 4.581726412916496)	(5.0, 3.1788727302675754)	(6.0, 2.261470525599658)	(7.0, 1.7417775505573747)	(8.0, 1.3491878146027023)	(9.0, 1.1460292039889806)	('>10', 10.10852982727476)	('>50', 2.318605267920403)	('>100', 4.452073153303355)	('>500', 1.2833812141915117)	('>1k', 1.1179039683874148)	('>5k', 0.033375176361939235)	('>10k+', 0.0)
789L14_R2_001	(1.0, 47.85667450240544)	(2.0, 13.730488523412642)	(3.0, 6.941402693837423)	(4.0, 4.27537046902628)	(5.0, 2.8979691133620222)	(6.0, 1.9810671040384833)	(7.0, 1.627503527814753)	(8.0, 1.2097351175540618)	(9.0, 1.0339554598647824)	('>10', 9.600435629520804)	('>50', 2.1176531043075415)	('>100', 4.256720732765871)	('>500', 1.243709460144141)	('>1k', 1.003672633773942)	('>5k', 0.03176236330921761)	('>10k+', 0.19187956486252164)
789L4_R1_001	(1.0, 32.19330672719872)	(2.0, 20.160685408050735)	(3.0, 11.99869976742138)	(4.0, 7.109544194691408)	(5.0, 4.0705373483535086)	(6.0, 2.476434863236571)	(7.0, 1.6177678554336188)	(8.0, 1.146987798105863)	(9.0, 0.824022502759725)	('>10', 6.386762297907884)	('>50', 1.6302810124706972)	('>100', 4.841996913488576)	('>500', 2.2328799003266466)	('>1k', 2.837772985938793)	('>5k', 0.217090373353707)	('>10k+', 0.2552300512620667)
789L4_R2_001	(1.0, 34.87666577969418)	(2.0, 19.613265287195645)	(3.0, 11.578675459828828)	(4.0, 6.7962263043602436)	(5.0, 3.8301629806224717)	(6.0, 2.4304370423957873)	(7.0, 1.5151357799594736)	(8.0, 1.1020419495616558)	(9.0, 0.7651651879547731)	('>10', 5.990711446733728)	('>50', 1.5783303928579104)	('>100', 4.624521755576671)	('>500', 2.1072941462664914)	('>1k', 2.6987922845983325)	('>5k', 0.2528929799233364)	('>10k+', 0.23968122247046622)
789L9_R1_001	(1.0, 26.816950895970713)	(2.0, 17.595366728798282)	(3.0, 11.324745709326686)	(4.0, 7.117064433534876)	(5.0, 4.478338425839188)	(6.0, 3.0353549091488103)	(7.0, 2.116098475301675)	(8.0, 1.446881207576501)	(9.0, 1.144227833703797)	('>10', 8.39026845652315)	('>50', 2.1991284492551713)	('>100', 6.6951817514309715)	('>500', 3.1898544738399077)	('>1k', 3.982655297893768)	('>5k', 0.3916856685853324)	('>10k+', 0.07619728327111336)
789L9_R2_001	(1.0, 29.84009403131728)	(2.0, 16.95965519291581)	(3.0, 10.921931848425947)	(4.0, 6.834724889662724)	(5.0, 4.303831810389992)	(6.0, 2.8301349170486745)	(7.0, 1.8764577470502044)	(8.0, 1.3581376007984771)	(9.0, 1.0521057361067794)	('>10', 8.166472342458011)	('>50', 2.1406050717415024)	('>100', 6.546966870802705)	('>500', 2.978531838070092)	('>1k', 3.753051230257948)	('>5k', 0.4372988729538169)	('>10k+', 0.0)
789M14_R1_001	(1.0, 29.51332089589468)	(2.0, 18.790941377980282)	(3.0, 11.818681352689717)	(4.0, 7.244370258397015)	(5.0, 4.550481296171835)	(6.0, 3.031281374200768)	(7.0, 2.133233926680255)	(8.0, 1.573669371997017)	(9.0, 1.2639062556108251)	('>10', 10.121707786471859)	('>50', 2.2087873982373964)	('>100', 4.647048679219658)	('>500', 1.6105143323129518)	('>1k', 1.31456237239662)	('>5k', 0.035458021025538654)	('>10k+', 0.14203530071368942)
789M14_R2_001	(1.0, 32.1304939694912)	(2.0, 18.441772198876084)	(3.0, 11.361175357135696)	(4.0, 6.998527097344742)	(5.0, 4.376223951826688)	(6.0, 2.855022609529522)	(7.0, 2.0203365412453436)	(8.0, 1.4729058329133633)	(9.0, 1.2301932166364997)	('>10', 9.605306031393877)	('>50', 2.090823227309629)	('>100', 4.441929111992267)	('>500', 1.5706501247084521)	('>1k', 1.1991835357432372)	('>5k', 0.08338744926893374)	('>10k+', 0.12206974458450855)
789M4_R1_001	(1.0, 22.92586529886246)	(2.0, 16.335603996771216)	(3.0, 11.671532625079873)	(4.0, 7.588641567833662)	(5.0, 4.88313504307586)	(6.0, 3.1474083650402247)	(7.0, 2.151957511052428)	(8.0, 1.5271061238312549)	(9.0, 1.0955920610946956)	('>10', 8.527677789005638)	('>50', 2.399167460292852)	('>100', 6.481020281371265)	('>500', 3.559257753128292)	('>1k', 6.064736977703548)	('>5k', 0.9850469058490626)	('>10k+', 0.6562502400077542)
789M4_R2_001	(1.0, 25.453146895217767)	(2.0, 16.113970215503258)	(3.0, 11.348978003689004)	(4.0, 7.316509644534709)	(5.0, 4.6558970761476415)	(6.0, 2.967266656748751)	(7.0, 2.0042836541389017)	(8.0, 1.4203911734780865)	(9.0, 1.0985578702516505)	('>10', 8.205865005166228)	('>50', 2.4151895098350815)	('>100', 6.182798544546649)	('>500', 3.4924832064472313)	('>1k', 5.771246542393852)	('>5k', 0.9106870080231548)	('>10k+', 0.6427289938781716)
7C14_R1_001	(1.0, 33.82900004175078)	(2.0, 15.151186832754785)	(3.0, 8.737207514201643)	(4.0, 5.377218083721389)	(5.0, 3.429636909503739)	(6.0, 2.401949037858154)	(7.0, 1.6491576598870212)	(8.0, 1.2587487687683518)	(9.0, 0.9710112974125664)	('>10', 8.610742791309228)	('>50', 2.4332955782508194)	('>100', 6.90177415516476)	('>500', 3.4376956287877354)	('>1k', 5.266001263099011)	('>5k', 0.4003836871934643)	('>10k+', 0.14499075033649064)
7C14_R2_001	(1.0, 37.2422489549582)	(2.0, 14.575373352290963)	(3.0, 8.119159527183244)	(4.0, 4.979014862255394)	(5.0, 3.2027657216772343)	(6.0, 2.144556452912453)	(7.0, 1.5119416528209255)	(8.0, 1.2215623524794126)	(9.0, 0.9246866304618961)	('>10', 8.193279404956298)	('>50', 2.3199316394110316)	('>100', 6.574961423740784)	('>500', 3.371160599539331)	('>1k', 4.964197847125957)	('>5k', 0.37836229264437077)	('>10k+', 0.27679728554234717)
89C14_R1_001	(1.0, 29.435606553403797)	(2.0, 17.77822984211092)	(3.0, 11.210127308508033)	(4.0, 6.98425575146089)	(5.0, 4.508950040806081)	(6.0, 3.157131271774389)	(7.0, 2.1801347929915753)	(8.0, 1.671446166506799)	(9.0, 1.3941910043526617)	('>10', 11.180470431731909)	('>50', 2.4032439808307267)	('>100', 4.799121514655267)	('>500', 1.693040457982671)	('>1k', 1.5295447743693984)	('>5k', 0.0745061085148173)	('>10k+', 0.0)
89C14_R2_001	(1.0, 32.37198979688986)	(2.0, 17.523884685160212)	(3.0, 10.695194855541077)	(4.0, 6.464916431316135)	(5.0, 4.282901066875524)	(6.0, 2.8316868248507094)	(7.0, 2.0916050331761498)	(8.0, 1.594073278783008)	(9.0, 1.22989264201932)	('>10', 10.84687964848887)	('>50', 2.3371247829876856)	('>100', 4.644101601650519)	('>500', 1.5991658248993172)	('>1k', 1.4141008896546035)	('>5k', 0.07248263770689005)	('>10k+', 0.0)
89C9_R1_001	(1.0, 35.682582086368384)	(2.0, 15.078434988435646)	(3.0, 8.142085928467885)	(4.0, 5.110231183106475)	(5.0, 3.300383143389443)	(6.0, 2.1255318283526408)	(7.0, 1.6215711014325882)	(8.0, 1.2397056377470754)	(9.0, 1.0124869365579954)	('>10', 8.273050722738867)	('>50', 2.2288278099191547)	('>100', 6.722211494788062)	('>500', 3.5437926502757207)	('>1k', 5.173375413815365)	('>5k', 0.4543255759344748)	('>10k+', 0.2914034986700823)
89C9_R2_001	(1.0, 38.35672746411459)	(2.0, 14.688045771519398)	(3.0, 7.7405117278880695)	(4.0, 4.683875962608985)	(5.0, 3.167712197058223)	(6.0, 2.0433235983779428)	(7.0, 1.5485934758595368)	(8.0, 1.1776705787702042)	(9.0, 0.9192468885840143)	('>10', 7.881770106125923)	('>50', 2.1742201753765134)	('>100', 6.4721248977457195)	('>500', 3.352281107008558)	('>1k', 4.8633410757067095)	('>5k', 0.49758747898111455)	('>10k+', 0.4329674942744749)
89M9_R1_001	(1.0, 39.59744366583398)	(2.0, 16.9879718846981)	(3.0, 9.048313067664605)	(4.0, 5.027401328541785)	(5.0, 3.078290826508184)	(6.0, 2.030804941556015)	(7.0, 1.4870175710706695)	(8.0, 1.0614602314654513)	(9.0, 0.8634628343872165)	('>10', 6.950124798238852)	('>50', 2.0327566451664536)	('>100', 5.7743250387638)	('>500', 2.5969877101841754)	('>1k', 3.1554851417756344)	('>5k', 0.3081543141450003)	('>10k+', 0.0)
89M9_R2_001	(1.0, 43.120687601972456)	(2.0, 16.27302895029135)	(3.0, 8.162481179875973)	(4.0, 4.6737525805471885)	(5.0, 2.8471668326432957)	(6.0, 1.8769737166101548)	(7.0, 1.2853423348083965)	(8.0, 1.0181122771074735)	(9.0, 0.7921936801107273)	('>10', 6.575779517454638)	('>50', 1.8899717317715412)	('>100', 5.545060250338323)	('>500', 2.5153348534995374)	('>1k', 2.887049054525708)	('>5k', 0.3270154494989752)	('>10k+', 0.21004998894435845)
