Sample	0	1	2	3	4	5	6	7	8	9	10	11	12	13	14	15	16	17	18	19	20	21	22	23	24	25	26	27	28	29
101112C14_R1_001	(13.0, 3.0)	(14.0, 50.0)	(15.0, 264.0)	(16.0, 639.0)	(17.0, 972.0)	(18.0, 1440.0)	(19.0, 1747.0)	(20.0, 2461.0)	(21.0, 3521.0)	(22.0, 5355.0)	(23.0, 8352.0)	(24.0, 14283.0)	(25.0, 25496.0)	(26.0, 43528.0)	(27.0, 71875.0)	(28.0, 111158.0)	(29.0, 161189.0)	(30.0, 220117.0)	(31.0, 291409.0)	(32.0, 381407.0)	(33.0, 524657.0)	(34.0, 842292.0)	(35.0, 2031758.0)	(36.0, 12262128.0)	(37.0, 1369678.0)					
101112C14_R2_001	(11.0, 6.0)	(12.0, 70.0)	(13.0, 361.0)	(14.0, 771.0)	(15.0, 1138.0)	(16.0, 1666.0)	(17.0, 2817.0)	(18.0, 4907.0)	(19.0, 9203.0)	(20.0, 17022.0)	(21.0, 28382.0)	(22.0, 41381.0)	(23.0, 55264.0)	(24.0, 69351.0)	(25.0, 84817.0)	(26.0, 105695.0)	(27.0, 132455.0)	(28.0, 166213.0)	(29.0, 213584.0)	(30.0, 276758.0)	(31.0, 376365.0)	(32.0, 550209.0)	(33.0, 882080.0)	(34.0, 1668298.0)	(35.0, 4188116.0)	(36.0, 9282023.0)	(37.0, 216827.0)			
101112C4_R1_001	(13.0, 8.0)	(14.0, 202.0)	(15.0, 787.0)	(16.0, 1682.0)	(17.0, 2535.0)	(18.0, 3234.0)	(19.0, 3928.0)	(20.0, 4720.0)	(21.0, 5861.0)	(22.0, 8069.0)	(23.0, 11917.0)	(24.0, 18367.0)	(25.0, 30176.0)	(26.0, 48166.0)	(27.0, 75721.0)	(28.0, 114100.0)	(29.0, 163809.0)	(30.0, 223706.0)	(31.0, 296997.0)	(32.0, 389655.0)	(33.0, 533421.0)	(34.0, 849547.0)	(35.0, 1983876.0)	(36.0, 12387141.0)	(37.0, 1642123.0)					
101112C4_R2_001	(11.0, 2.0)	(12.0, 94.0)	(13.0, 508.0)	(14.0, 1098.0)	(15.0, 1664.0)	(16.0, 2419.0)	(17.0, 3716.0)	(18.0, 5831.0)	(19.0, 9688.0)	(20.0, 16162.0)	(21.0, 25377.0)	(22.0, 36335.0)	(23.0, 48631.0)	(24.0, 60072.0)	(25.0, 73693.0)	(26.0, 92230.0)	(27.0, 115793.0)	(28.0, 146273.0)	(29.0, 186636.0)	(30.0, 242290.0)	(31.0, 326867.0)	(32.0, 472894.0)	(33.0, 755156.0)	(34.0, 1422621.0)	(35.0, 3680417.0)	(36.0, 10680270.0)	(37.0, 393011.0)			
101112C9_R1_001	(13.0, 7.0)	(14.0, 80.0)	(15.0, 350.0)	(16.0, 838.0)	(17.0, 1373.0)	(18.0, 1875.0)	(19.0, 2520.0)	(20.0, 3604.0)	(21.0, 5315.0)	(22.0, 7772.0)	(23.0, 11151.0)	(24.0, 17233.0)	(25.0, 27816.0)	(26.0, 44911.0)	(27.0, 69996.0)	(28.0, 105444.0)	(29.0, 150094.0)	(30.0, 203962.0)	(31.0, 267344.0)	(32.0, 350057.0)	(33.0, 476432.0)	(34.0, 751019.0)	(35.0, 1752517.0)	(36.0, 10858140.0)	(37.0, 1484576.0)	(38.0, 258622.0)	(39.0, 1259297.0)	(40.0, 445201.0)		
101112C9_R2_001	(11.0, 2.0)	(12.0, 77.0)	(13.0, 403.0)	(14.0, 765.0)	(15.0, 1221.0)	(16.0, 2631.0)	(17.0, 6516.0)	(18.0, 12951.0)	(19.0, 19448.0)	(20.0, 28079.0)	(21.0, 39369.0)	(22.0, 49995.0)	(23.0, 61022.0)	(24.0, 73682.0)	(25.0, 86894.0)	(26.0, 104731.0)	(27.0, 127880.0)	(28.0, 159251.0)	(29.0, 198935.0)	(30.0, 254929.0)	(31.0, 339329.0)	(32.0, 487484.0)	(33.0, 767981.0)	(34.0, 1442593.0)	(35.0, 3680204.0)	(36.0, 8595596.0)	(37.0, 396936.0)	(38.0, 346432.0)	(39.0, 1086127.0)	(40.0, 186083.0)
101112H14_R1_001	(13.0, 2.0)	(14.0, 52.0)	(15.0, 269.0)	(16.0, 551.0)	(17.0, 1005.0)	(18.0, 1376.0)	(19.0, 2111.0)	(20.0, 3453.0)	(21.0, 5516.0)	(22.0, 7998.0)	(23.0, 11438.0)	(24.0, 17368.0)	(25.0, 27677.0)	(26.0, 44397.0)	(27.0, 69692.0)	(28.0, 103678.0)	(29.0, 147649.0)	(30.0, 201319.0)	(31.0, 262747.0)	(32.0, 346199.0)	(33.0, 472258.0)	(34.0, 752523.0)	(35.0, 1767023.0)	(36.0, 10407438.0)	(37.0, 1352796.0)	(38.0, 352546.0)	(39.0, 1669919.0)	(40.0, 569507.0)		
101112H14_R2_001	(11.0, 6.0)	(12.0, 67.0)	(13.0, 346.0)	(14.0, 752.0)	(15.0, 1120.0)	(16.0, 2789.0)	(17.0, 7452.0)	(18.0, 15029.0)	(19.0, 21646.0)	(20.0, 29461.0)	(21.0, 39544.0)	(22.0, 49338.0)	(23.0, 57485.0)	(24.0, 68792.0)	(25.0, 80911.0)	(26.0, 97268.0)	(27.0, 117551.0)	(28.0, 146736.0)	(29.0, 184965.0)	(30.0, 238416.0)	(31.0, 320343.0)	(32.0, 460788.0)	(33.0, 728094.0)	(34.0, 1350676.0)	(35.0, 3387695.0)	(36.0, 8520610.0)	(37.0, 483134.0)	(38.0, 453301.0)	(39.0, 1460553.0)	(40.0, 273639.0)
101112H4_R1_001	(13.0, 8.0)	(14.0, 179.0)	(15.0, 758.0)	(16.0, 1553.0)	(17.0, 2239.0)	(18.0, 2957.0)	(19.0, 3669.0)	(20.0, 4986.0)	(21.0, 6860.0)	(22.0, 9735.0)	(23.0, 13733.0)	(24.0, 20154.0)	(25.0, 31106.0)	(26.0, 48529.0)	(27.0, 72770.0)	(28.0, 107160.0)	(29.0, 151264.0)	(30.0, 204735.0)	(31.0, 269608.0)	(32.0, 353166.0)	(33.0, 479262.0)	(34.0, 747783.0)	(35.0, 1717096.0)	(36.0, 11148169.0)	(37.0, 1746766.0)	(38.0, 227839.0)	(39.0, 1146032.0)	(40.0, 425968.0)		
101112H4_R2_001	(11.0, 3.0)	(12.0, 75.0)	(13.0, 425.0)	(14.0, 1013.0)	(15.0, 1703.0)	(16.0, 3084.0)	(17.0, 6494.0)	(18.0, 12142.0)	(19.0, 17871.0)	(20.0, 25303.0)	(21.0, 33544.0)	(22.0, 43542.0)	(23.0, 53823.0)	(24.0, 63302.0)	(25.0, 75079.0)	(26.0, 91710.0)	(27.0, 112690.0)	(28.0, 139698.0)	(29.0, 176848.0)	(30.0, 227025.0)	(31.0, 303383.0)	(32.0, 431569.0)	(33.0, 676511.0)	(34.0, 1253647.0)	(35.0, 3239988.0)	(36.0, 9884176.0)	(37.0, 529889.0)	(38.0, 313888.0)	(39.0, 1029051.0)	(40.0, 196608.0)
101112H9_R1_001	(13.0, 4.0)	(14.0, 123.0)	(15.0, 532.0)	(16.0, 1216.0)	(17.0, 1860.0)	(18.0, 2507.0)	(19.0, 3222.0)	(20.0, 4114.0)	(21.0, 5529.0)	(22.0, 7736.0)	(23.0, 11254.0)	(24.0, 16839.0)	(25.0, 27184.0)	(26.0, 44174.0)	(27.0, 69867.0)	(28.0, 106793.0)	(29.0, 155808.0)	(30.0, 215300.0)	(31.0, 286593.0)	(32.0, 379804.0)	(33.0, 520906.0)	(34.0, 837444.0)	(35.0, 1967604.0)	(36.0, 11980784.0)	(37.0, 1529873.0)	(38.0, 175716.0)	(39.0, 776030.0)	(40.0, 236243.0)		
101112H9_R2_001	(11.0, 3.0)	(12.0, 78.0)	(13.0, 398.0)	(14.0, 987.0)	(15.0, 1580.0)	(16.0, 2823.0)	(17.0, 5799.0)	(18.0, 10839.0)	(19.0, 16267.0)	(20.0, 23393.0)	(21.0, 33066.0)	(22.0, 43676.0)	(23.0, 55078.0)	(24.0, 67891.0)	(25.0, 82586.0)	(26.0, 102439.0)	(27.0, 127750.0)	(28.0, 160673.0)	(29.0, 203911.0)	(30.0, 263358.0)	(31.0, 354442.0)	(32.0, 508931.0)	(33.0, 806718.0)	(34.0, 1513406.0)	(35.0, 3873716.0)	(36.0, 9771183.0)	(37.0, 391169.0)	(38.0, 233017.0)	(39.0, 625621.0)	(40.0, 84261.0)
101112L14_R1_001	(13.0, 5.0)	(14.0, 68.0)	(15.0, 310.0)	(16.0, 724.0)	(17.0, 1143.0)	(18.0, 1572.0)	(19.0, 2012.0)	(20.0, 2535.0)	(21.0, 3433.0)	(22.0, 4957.0)	(23.0, 7501.0)	(24.0, 12589.0)	(25.0, 22827.0)	(26.0, 40698.0)	(27.0, 68052.0)	(28.0, 107632.0)	(29.0, 158838.0)	(30.0, 219836.0)	(31.0, 292622.0)	(32.0, 386238.0)	(33.0, 531341.0)	(34.0, 844917.0)	(35.0, 2021307.0)	(36.0, 12903116.0)	(37.0, 1500901.0)					
101112L14_R2_001	(11.0, 6.0)	(12.0, 99.0)	(13.0, 496.0)	(14.0, 954.0)	(15.0, 1149.0)	(16.0, 1583.0)	(17.0, 2476.0)	(18.0, 4322.0)	(19.0, 8141.0)	(20.0, 15070.0)	(21.0, 24838.0)	(22.0, 36372.0)	(23.0, 48711.0)	(24.0, 61456.0)	(25.0, 76394.0)	(26.0, 95245.0)	(27.0, 121658.0)	(28.0, 154311.0)	(29.0, 200116.0)	(30.0, 261683.0)	(31.0, 358204.0)	(32.0, 525403.0)	(33.0, 849872.0)	(34.0, 1623336.0)	(35.0, 4258694.0)	(36.0, 10134054.0)	(37.0, 270531.0)			
101112L4_R1_001	(13.0, 16.0)	(14.0, 248.0)	(15.0, 1096.0)	(16.0, 2331.0)	(17.0, 3306.0)	(18.0, 4107.0)	(19.0, 4655.0)	(20.0, 5332.0)	(21.0, 6821.0)	(22.0, 8928.0)	(23.0, 12040.0)	(24.0, 17859.0)	(25.0, 28193.0)	(26.0, 44932.0)	(27.0, 70607.0)	(28.0, 107341.0)	(29.0, 155786.0)	(30.0, 214263.0)	(31.0, 284159.0)	(32.0, 374175.0)	(33.0, 514256.0)	(34.0, 829551.0)	(35.0, 1923602.0)	(36.0, 12354169.0)	(37.0, 1681382.0)					
101112L4_R2_001	(11.0, 3.0)	(12.0, 41.0)	(13.0, 329.0)	(14.0, 966.0)	(15.0, 1765.0)	(16.0, 2981.0)	(17.0, 4398.0)	(18.0, 6542.0)	(19.0, 10496.0)	(20.0, 16577.0)	(21.0, 25970.0)	(22.0, 40361.0)	(23.0, 56168.0)	(24.0, 60151.0)	(25.0, 69430.0)	(26.0, 85593.0)	(27.0, 108947.0)	(28.0, 139072.0)	(29.0, 179270.0)	(30.0, 235290.0)	(31.0, 321196.0)	(32.0, 468880.0)	(33.0, 756162.0)	(34.0, 1445246.0)	(35.0, 3795047.0)	(36.0, 10481177.0)	(37.0, 337097.0)			
101112L9_R1_001	(13.0, 5.0)	(14.0, 52.0)	(15.0, 301.0)	(16.0, 659.0)	(17.0, 1044.0)	(18.0, 1630.0)	(19.0, 2315.0)	(20.0, 3212.0)	(21.0, 4874.0)	(22.0, 6974.0)	(23.0, 10482.0)	(24.0, 16197.0)	(25.0, 27256.0)	(26.0, 45235.0)	(27.0, 72426.0)	(28.0, 109844.0)	(29.0, 157880.0)	(30.0, 215173.0)	(31.0, 283628.0)	(32.0, 371950.0)	(33.0, 509388.0)	(34.0, 810867.0)	(35.0, 1925797.0)	(36.0, 11946214.0)	(37.0, 1522127.0)	(38.0, 167482.0)	(39.0, 812601.0)	(40.0, 294932.0)		
101112L9_R2_001	(11.0, 3.0)	(12.0, 65.0)	(13.0, 388.0)	(14.0, 790.0)	(15.0, 1173.0)	(16.0, 2166.0)	(17.0, 4761.0)	(18.0, 9502.0)	(19.0, 14957.0)	(20.0, 23226.0)	(21.0, 33825.0)	(22.0, 46071.0)	(23.0, 58052.0)	(24.0, 71910.0)	(25.0, 86019.0)	(26.0, 106502.0)	(27.0, 131390.0)	(28.0, 164411.0)	(29.0, 209055.0)	(30.0, 270104.0)	(31.0, 365256.0)	(32.0, 528328.0)	(33.0, 842329.0)	(34.0, 1595786.0)	(35.0, 4058385.0)	(36.0, 9268794.0)	(37.0, 341186.0)	(38.0, 222775.0)	(39.0, 725420.0)	(40.0, 137916.0)
101112M14_R1_001	(13.0, 1.0)	(14.0, 55.0)	(15.0, 220.0)	(16.0, 460.0)	(17.0, 836.0)	(18.0, 1134.0)	(19.0, 1625.0)	(20.0, 2232.0)	(21.0, 3270.0)	(22.0, 4796.0)	(23.0, 7752.0)	(24.0, 12943.0)	(25.0, 22862.0)	(26.0, 39414.0)	(27.0, 66452.0)	(28.0, 104561.0)	(29.0, 153585.0)	(30.0, 213557.0)	(31.0, 284486.0)	(32.0, 376774.0)	(33.0, 516575.0)	(34.0, 836817.0)	(35.0, 2022271.0)	(36.0, 12394655.0)	(37.0, 1400058.0)					
101112M14_R2_001	(11.0, 5.0)	(12.0, 62.0)	(13.0, 343.0)	(14.0, 679.0)	(15.0, 1010.0)	(16.0, 1504.0)	(17.0, 2480.0)	(18.0, 4466.0)	(19.0, 8190.0)	(20.0, 15493.0)	(21.0, 25541.0)	(22.0, 37492.0)	(23.0, 51086.0)	(24.0, 64660.0)	(25.0, 80850.0)	(26.0, 101476.0)	(27.0, 128605.0)	(28.0, 163399.0)	(29.0, 209543.0)	(30.0, 273969.0)	(31.0, 375490.0)	(32.0, 549617.0)	(33.0, 888545.0)	(34.0, 1687526.0)	(35.0, 4269161.0)	(36.0, 9315577.0)	(37.0, 210622.0)			
101112M4_R1_001	(13.0, 14.0)	(14.0, 214.0)	(15.0, 856.0)	(16.0, 1857.0)	(17.0, 2743.0)	(18.0, 3455.0)	(19.0, 4477.0)	(20.0, 6096.0)	(21.0, 8315.0)	(22.0, 11063.0)	(23.0, 15111.0)	(24.0, 22163.0)	(25.0, 33892.0)	(26.0, 51732.0)	(27.0, 75878.0)	(28.0, 108571.0)	(29.0, 151538.0)	(30.0, 202631.0)	(31.0, 265700.0)	(32.0, 347090.0)	(33.0, 470025.0)	(34.0, 742359.0)	(35.0, 1708777.0)	(36.0, 10492167.0)	(37.0, 1522446.0)	(38.0, 320230.0)	(39.0, 1447214.0)	(40.0, 476779.0)		
101112M4_R2_001	(11.0, 3.0)	(12.0, 92.0)	(13.0, 569.0)	(14.0, 1308.0)	(15.0, 2212.0)	(16.0, 4120.0)	(17.0, 9272.0)	(18.0, 17242.0)	(19.0, 24435.0)	(20.0, 33396.0)	(21.0, 43959.0)	(22.0, 53891.0)	(23.0, 64373.0)	(24.0, 74927.0)	(25.0, 85806.0)	(26.0, 100901.0)	(27.0, 121859.0)	(28.0, 149411.0)	(29.0, 185382.0)	(30.0, 236034.0)	(31.0, 310702.0)	(32.0, 441140.0)	(33.0, 688454.0)	(34.0, 1271313.0)	(35.0, 3203462.0)	(36.0, 8937659.0)	(37.0, 503690.0)	(38.0, 394870.0)	(39.0, 1277432.0)	(40.0, 255479.0)
101112M9_R1_001	(13.0, 3.0)	(14.0, 81.0)	(15.0, 377.0)	(16.0, 870.0)	(17.0, 1305.0)	(18.0, 1772.0)	(19.0, 2521.0)	(20.0, 3711.0)	(21.0, 5347.0)	(22.0, 7470.0)	(23.0, 10606.0)	(24.0, 15795.0)	(25.0, 25103.0)	(26.0, 40543.0)	(27.0, 64702.0)	(28.0, 99893.0)	(29.0, 143426.0)	(30.0, 197065.0)	(31.0, 261063.0)	(32.0, 344076.0)	(33.0, 468895.0)	(34.0, 744715.0)	(35.0, 1750581.0)	(36.0, 10906993.0)	(37.0, 1493133.0)	(38.0, 319541.0)	(39.0, 1526693.0)	(40.0, 566626.0)		
101112M9_R2_001	(11.0, 1.0)	(12.0, 73.0)	(13.0, 446.0)	(14.0, 938.0)	(15.0, 1355.0)	(16.0, 2496.0)	(17.0, 5765.0)	(18.0, 10847.0)	(19.0, 14931.0)	(20.0, 21019.0)	(21.0, 28832.0)	(22.0, 37576.0)	(23.0, 46648.0)	(24.0, 56511.0)	(25.0, 68299.0)	(26.0, 85045.0)	(27.0, 105672.0)	(28.0, 132552.0)	(29.0, 168824.0)	(30.0, 218431.0)	(31.0, 295274.0)	(32.0, 426580.0)	(33.0, 676244.0)	(34.0, 1275764.0)	(35.0, 3342589.0)	(36.0, 9328624.0)	(37.0, 517204.0)	(38.0, 426853.0)	(39.0, 1412807.0)	(40.0, 294706.0)
123C14_R1_001	(13.0, 1.0)	(14.0, 69.0)	(15.0, 320.0)	(16.0, 679.0)	(17.0, 1057.0)	(18.0, 1589.0)	(19.0, 2324.0)	(20.0, 3994.0)	(21.0, 6013.0)	(22.0, 8751.0)	(23.0, 12084.0)	(24.0, 17290.0)	(25.0, 26361.0)	(26.0, 40828.0)	(27.0, 62146.0)	(28.0, 92477.0)	(29.0, 130370.0)	(30.0, 176566.0)	(31.0, 229643.0)	(32.0, 299193.0)	(33.0, 402039.0)	(34.0, 627299.0)	(35.0, 1425776.0)	(36.0, 8866320.0)	(37.0, 1352365.0)	(38.0, 555066.0)	(39.0, 2829465.0)	(40.0, 961689.0)		
123C14_R2_001	(11.0, 2.0)	(12.0, 70.0)	(13.0, 426.0)	(14.0, 846.0)	(15.0, 1166.0)	(16.0, 2962.0)	(17.0, 8309.0)	(18.0, 17020.0)	(19.0, 23593.0)	(20.0, 29999.0)	(21.0, 36937.0)	(22.0, 44480.0)	(23.0, 51159.0)	(24.0, 59675.0)	(25.0, 69607.0)	(26.0, 84245.0)	(27.0, 101562.0)	(28.0, 125572.0)	(29.0, 156749.0)	(30.0, 201397.0)	(31.0, 265522.0)	(32.0, 378215.0)	(33.0, 588522.0)	(34.0, 1090695.0)	(35.0, 2812561.0)	(36.0, 7625200.0)	(37.0, 587847.0)	(38.0, 750192.0)	(39.0, 2555003.0)	(40.0, 462241.0)
123C4_R1_001	(13.0, 2.0)	(14.0, 25.0)	(15.0, 150.0)	(16.0, 353.0)	(17.0, 653.0)	(18.0, 958.0)	(19.0, 1669.0)	(20.0, 2824.0)	(21.0, 4756.0)	(22.0, 7108.0)	(23.0, 10837.0)	(24.0, 16748.0)	(25.0, 26945.0)	(26.0, 44556.0)	(27.0, 70013.0)	(28.0, 106260.0)	(29.0, 152728.0)	(30.0, 207686.0)	(31.0, 271779.0)	(32.0, 354251.0)	(33.0, 481302.0)	(34.0, 755505.0)	(35.0, 1747913.0)	(36.0, 10631150.0)	(37.0, 1405421.0)	(38.0, 310643.0)	(39.0, 1614330.0)	(40.0, 643778.0)		
123C4_R2_001	(11.0, 3.0)	(12.0, 50.0)	(13.0, 284.0)	(14.0, 580.0)	(15.0, 960.0)	(16.0, 1972.0)	(17.0, 4699.0)	(18.0, 9065.0)	(19.0, 13292.0)	(20.0, 19102.0)	(21.0, 26515.0)	(22.0, 35183.0)	(23.0, 44364.0)	(24.0, 54415.0)	(25.0, 66574.0)	(26.0, 82791.0)	(27.0, 103109.0)	(28.0, 130735.0)	(29.0, 167501.0)	(30.0, 216560.0)	(31.0, 292245.0)	(32.0, 421595.0)	(33.0, 672213.0)	(34.0, 1279861.0)	(35.0, 3419132.0)	(36.0, 9099874.0)	(37.0, 483428.0)	(38.0, 456569.0)	(39.0, 1492936.0)	(40.0, 274736.0)
123C9_R1_001	(13.0, 3.0)	(14.0, 41.0)	(15.0, 236.0)	(16.0, 511.0)	(17.0, 784.0)	(18.0, 1117.0)	(19.0, 1885.0)	(20.0, 2961.0)	(21.0, 4556.0)	(22.0, 6997.0)	(23.0, 9908.0)	(24.0, 14925.0)	(25.0, 23296.0)	(26.0, 37649.0)	(27.0, 61213.0)	(28.0, 95391.0)	(29.0, 139748.0)	(30.0, 193328.0)	(31.0, 258542.0)	(32.0, 342852.0)	(33.0, 471518.0)	(34.0, 751871.0)	(35.0, 1781029.0)	(36.0, 11079040.0)	(37.0, 1417211.0)	(38.0, 314731.0)	(39.0, 1517495.0)	(40.0, 519887.0)		
123C9_R2_001	(11.0, 1.0)	(12.0, 33.0)	(13.0, 275.0)	(14.0, 643.0)	(15.0, 960.0)	(16.0, 2190.0)	(17.0, 5416.0)	(18.0, 10867.0)	(19.0, 15264.0)	(20.0, 21484.0)	(21.0, 29131.0)	(22.0, 37652.0)	(23.0, 46971.0)	(24.0, 58382.0)	(25.0, 70085.0)	(26.0, 86293.0)	(27.0, 107718.0)	(28.0, 135830.0)	(29.0, 174876.0)	(30.0, 229159.0)	(31.0, 310940.0)	(32.0, 451085.0)	(33.0, 716107.0)	(34.0, 1354212.0)	(35.0, 3532079.0)	(36.0, 9198004.0)	(37.0, 466412.0)	(38.0, 421737.0)	(39.0, 1337057.0)	(40.0, 227862.0)
123H14_R1_001	(13.0, 2.0)	(14.0, 41.0)	(15.0, 241.0)	(16.0, 633.0)	(17.0, 1048.0)	(18.0, 1485.0)	(19.0, 1893.0)	(20.0, 2530.0)	(21.0, 3300.0)	(22.0, 4888.0)	(23.0, 7633.0)	(24.0, 12851.0)	(25.0, 23025.0)	(26.0, 40308.0)	(27.0, 66542.0)	(28.0, 104690.0)	(29.0, 155240.0)	(30.0, 215557.0)	(31.0, 288290.0)	(32.0, 381168.0)	(33.0, 530299.0)	(34.0, 865928.0)	(35.0, 2105028.0)	(36.0, 12477524.0)	(37.0, 1311873.0)					
123H14_R2_001	(12.0, 45.0)	(13.0, 340.0)	(14.0, 683.0)	(15.0, 1057.0)	(16.0, 1545.0)	(17.0, 2407.0)	(18.0, 4189.0)	(19.0, 7842.0)	(20.0, 14371.0)	(21.0, 23635.0)	(22.0, 34547.0)	(23.0, 46722.0)	(24.0, 58318.0)	(25.0, 71631.0)	(26.0, 88644.0)	(27.0, 111912.0)	(28.0, 143470.0)	(29.0, 184753.0)	(30.0, 244263.0)	(31.0, 336728.0)	(32.0, 498573.0)	(33.0, 810880.0)	(34.0, 1548263.0)	(35.0, 3997538.0)	(36.0, 10060124.0)	(37.0, 309537.0)				
123H4_R1_001	(13.0, 8.0)	(14.0, 92.0)	(15.0, 406.0)	(16.0, 880.0)	(17.0, 1337.0)	(18.0, 1789.0)	(19.0, 2668.0)	(20.0, 4187.0)	(21.0, 6398.0)	(22.0, 9417.0)	(23.0, 13062.0)	(24.0, 18511.0)	(25.0, 27646.0)	(26.0, 42967.0)	(27.0, 65940.0)	(28.0, 98601.0)	(29.0, 141036.0)	(30.0, 192052.0)	(31.0, 252666.0)	(32.0, 333098.0)	(33.0, 450271.0)	(34.0, 710101.0)	(35.0, 1632215.0)	(36.0, 10089737.0)	(37.0, 1504505.0)	(38.0, 350685.0)	(39.0, 1746447.0)	(40.0, 636337.0)		
123H4_R2_001	(11.0, 3.0)	(12.0, 81.0)	(13.0, 484.0)	(14.0, 1006.0)	(15.0, 1425.0)	(16.0, 2759.0)	(17.0, 6504.0)	(18.0, 13063.0)	(19.0, 19394.0)	(20.0, 27640.0)	(21.0, 37266.0)	(22.0, 46581.0)	(23.0, 56181.0)	(24.0, 66672.0)	(25.0, 79357.0)	(26.0, 96306.0)	(27.0, 117901.0)	(28.0, 148360.0)	(29.0, 186766.0)	(30.0, 240082.0)	(31.0, 321409.0)	(32.0, 458584.0)	(33.0, 722102.0)	(34.0, 1345651.0)	(35.0, 3390494.0)	(36.0, 8164842.0)	(37.0, 466255.0)	(38.0, 499730.0)	(39.0, 1548531.0)	(40.0, 267630.0)
123H9_R1_001	(13.0, 10.0)	(14.0, 143.0)	(15.0, 606.0)	(16.0, 1427.0)	(17.0, 2121.0)	(18.0, 3124.0)	(19.0, 4326.0)	(20.0, 6501.0)	(21.0, 9141.0)	(22.0, 12711.0)	(23.0, 17010.0)	(24.0, 23140.0)	(25.0, 32215.0)	(26.0, 48095.0)	(27.0, 71016.0)	(28.0, 104613.0)	(29.0, 148512.0)	(30.0, 201404.0)	(31.0, 265533.0)	(32.0, 350158.0)	(33.0, 472835.0)	(34.0, 732170.0)	(35.0, 1681001.0)	(36.0, 10212274.0)	(37.0, 1426473.0)	(38.0, 395874.0)	(39.0, 2049098.0)	(40.0, 758186.0)		
123H9_R2_001	(11.0, 1.0)	(12.0, 38.0)	(13.0, 347.0)	(14.0, 803.0)	(15.0, 1442.0)	(16.0, 2989.0)	(17.0, 6975.0)	(18.0, 12991.0)	(19.0, 17966.0)	(20.0, 24592.0)	(21.0, 33020.0)	(22.0, 43624.0)	(23.0, 54870.0)	(24.0, 57944.0)	(25.0, 64831.0)	(26.0, 78302.0)	(27.0, 95551.0)	(28.0, 120692.0)	(29.0, 153789.0)	(30.0, 199646.0)	(31.0, 269049.0)	(32.0, 386728.0)	(33.0, 611743.0)	(34.0, 1145783.0)	(35.0, 3033655.0)	(36.0, 9174863.0)	(37.0, 593806.0)	(38.0, 564183.0)	(39.0, 1908520.0)	(40.0, 370974.0)
123L14_R1_001	(13.0, 10.0)	(14.0, 91.0)	(15.0, 549.0)	(16.0, 1292.0)	(17.0, 1923.0)	(18.0, 2729.0)	(19.0, 3500.0)	(20.0, 5181.0)	(21.0, 7305.0)	(22.0, 10558.0)	(23.0, 14226.0)	(24.0, 20626.0)	(25.0, 30993.0)	(26.0, 46859.0)	(27.0, 70957.0)	(28.0, 104762.0)	(29.0, 147088.0)	(30.0, 197589.0)	(31.0, 256299.0)	(32.0, 334453.0)	(33.0, 452467.0)	(34.0, 713949.0)	(35.0, 1657776.0)	(36.0, 9475231.0)	(37.0, 1179091.0)	(38.0, 443305.0)	(39.0, 2124222.0)	(40.0, 708019.0)		
123L14_R2_001	(11.0, 4.0)	(12.0, 83.0)	(13.0, 588.0)	(14.0, 1030.0)	(15.0, 1597.0)	(16.0, 3481.0)	(17.0, 8753.0)	(18.0, 16701.0)	(19.0, 21655.0)	(20.0, 27245.0)	(21.0, 34187.0)	(22.0, 42621.0)	(23.0, 50212.0)	(24.0, 60018.0)	(25.0, 70249.0)	(26.0, 84873.0)	(27.0, 103177.0)	(28.0, 127519.0)	(29.0, 159594.0)	(30.0, 204012.0)	(31.0, 272296.0)	(32.0, 390124.0)	(33.0, 615580.0)	(34.0, 1150384.0)	(35.0, 3006351.0)	(36.0, 8210701.0)	(37.0, 537715.0)	(38.0, 600695.0)	(39.0, 1888766.0)	(40.0, 320839.0)
123L4_R1_001	(12.0, 1.0)	(13.0, 14.0)	(14.0, 298.0)	(15.0, 1257.0)	(16.0, 2501.0)	(17.0, 3783.0)	(18.0, 4674.0)	(19.0, 5738.0)	(20.0, 7502.0)	(21.0, 10031.0)	(22.0, 14025.0)	(23.0, 18858.0)	(24.0, 26786.0)	(25.0, 38122.0)	(26.0, 55115.0)	(27.0, 79692.0)	(28.0, 113463.0)	(29.0, 157972.0)	(30.0, 213173.0)	(31.0, 280152.0)	(32.0, 380172.0)	(33.0, 564011.0)	(34.0, 799652.0)	(35.0, 1751867.0)	(36.0, 10578629.0)	(37.0, 1567876.0)	(38.0, 295295.0)	(39.0, 1402376.0)	(40.0, 461615.0)	
123L4_R2_001	(11.0, 3.0)	(12.0, 62.0)	(13.0, 431.0)	(14.0, 1270.0)	(15.0, 2381.0)	(16.0, 4799.0)	(17.0, 9906.0)	(18.0, 16505.0)	(19.0, 22602.0)	(20.0, 30640.0)	(21.0, 41674.0)	(22.0, 60811.0)	(23.0, 82899.0)	(24.0, 79857.0)	(25.0, 77678.0)	(26.0, 91427.0)	(27.0, 111891.0)	(28.0, 138967.0)	(29.0, 174585.0)	(30.0, 224205.0)	(31.0, 297041.0)	(32.0, 425278.0)	(33.0, 670980.0)	(34.0, 1255660.0)	(35.0, 3266962.0)	(36.0, 9376877.0)	(37.0, 512820.0)	(38.0, 403740.0)	(39.0, 1248822.0)	(40.0, 203877.0)
123L9_R1_001	(13.0, 2.0)	(14.0, 54.0)	(15.0, 330.0)	(16.0, 682.0)	(17.0, 1107.0)	(18.0, 1650.0)	(19.0, 2422.0)	(20.0, 3712.0)	(21.0, 5691.0)	(22.0, 8207.0)	(23.0, 11333.0)	(24.0, 16313.0)	(25.0, 25144.0)	(26.0, 40785.0)	(27.0, 62946.0)	(28.0, 93899.0)	(29.0, 134494.0)	(30.0, 183124.0)	(31.0, 241349.0)	(32.0, 317825.0)	(33.0, 434318.0)	(34.0, 683944.0)	(35.0, 1580810.0)	(36.0, 9915065.0)	(37.0, 1473824.0)	(38.0, 401046.0)	(39.0, 1919547.0)	(40.0, 701112.0)		
123L9_R2_001	(11.0, 3.0)	(12.0, 37.0)	(13.0, 267.0)	(14.0, 565.0)	(15.0, 1059.0)	(16.0, 2739.0)	(17.0, 8110.0)	(18.0, 16173.0)	(19.0, 22484.0)	(20.0, 29760.0)	(21.0, 37615.0)	(22.0, 45509.0)	(23.0, 52926.0)	(24.0, 62846.0)	(25.0, 74028.0)	(26.0, 89567.0)	(27.0, 109173.0)	(28.0, 136997.0)	(29.0, 169804.0)	(30.0, 218782.0)	(31.0, 290883.0)	(32.0, 415620.0)	(33.0, 652077.0)	(34.0, 1219077.0)	(35.0, 3141002.0)	(36.0, 8426713.0)	(37.0, 535131.0)	(38.0, 545781.0)	(39.0, 1658967.0)	(40.0, 297040.0)
123M4_R1_001	(13.0, 11.0)	(14.0, 175.0)	(15.0, 955.0)	(16.0, 2001.0)	(17.0, 3064.0)	(18.0, 3734.0)	(19.0, 4794.0)	(20.0, 6234.0)	(21.0, 8257.0)	(22.0, 11111.0)	(23.0, 14609.0)	(24.0, 20123.0)	(25.0, 29777.0)	(26.0, 45411.0)	(27.0, 69332.0)	(28.0, 103385.0)	(29.0, 148304.0)	(30.0, 203937.0)	(31.0, 269900.0)	(32.0, 356687.0)	(33.0, 486493.0)	(34.0, 771194.0)	(35.0, 1804796.0)	(36.0, 10750653.0)	(37.0, 1392300.0)	(38.0, 309899.0)	(39.0, 1490090.0)	(40.0, 546564.0)		
123M4_R2_001	(11.0, 4.0)	(12.0, 84.0)	(13.0, 610.0)	(14.0, 1436.0)	(15.0, 2290.0)	(16.0, 4039.0)	(17.0, 8299.0)	(18.0, 14011.0)	(19.0, 19327.0)	(20.0, 26680.0)	(21.0, 36263.0)	(22.0, 46898.0)	(23.0, 57848.0)	(24.0, 69017.0)	(25.0, 82080.0)	(26.0, 99790.0)	(27.0, 122537.0)	(28.0, 153850.0)	(29.0, 194669.0)	(30.0, 253151.0)	(31.0, 342331.0)	(32.0, 493450.0)	(33.0, 787525.0)	(34.0, 1479303.0)	(35.0, 3748153.0)	(36.0, 8376500.0)	(37.0, 406349.0)	(38.0, 417083.0)	(39.0, 1347531.0)	(40.0, 262682.0)
123M9_R1_001	(13.0, 4.0)	(14.0, 102.0)	(15.0, 469.0)	(16.0, 1025.0)	(17.0, 1579.0)	(18.0, 2074.0)	(19.0, 2580.0)	(20.0, 3251.0)	(21.0, 4490.0)	(22.0, 6176.0)	(23.0, 9449.0)	(24.0, 15036.0)	(25.0, 26174.0)	(26.0, 44079.0)	(27.0, 71092.0)	(28.0, 108686.0)	(29.0, 157864.0)	(30.0, 216119.0)	(31.0, 287834.0)	(32.0, 379444.0)	(33.0, 532140.0)	(34.0, 840546.0)	(35.0, 1957120.0)	(36.0, 12140013.0)	(37.0, 1517056.0)					
123M9_R2_001	(11.0, 5.0)	(12.0, 143.0)	(13.0, 785.0)	(14.0, 1265.0)	(15.0, 1611.0)	(16.0, 2071.0)	(17.0, 3114.0)	(18.0, 5115.0)	(19.0, 9574.0)	(20.0, 17080.0)	(21.0, 27035.0)	(22.0, 38158.0)	(23.0, 51834.0)	(24.0, 64291.0)	(25.0, 75306.0)	(26.0, 89975.0)	(27.0, 111152.0)	(28.0, 140929.0)	(29.0, 180979.0)	(30.0, 235766.0)	(31.0, 320286.0)	(32.0, 465372.0)	(33.0, 749861.0)	(34.0, 1430422.0)	(35.0, 3756115.0)	(36.0, 10213746.0)	(37.0, 332412.0)			
131415C14_R1_001	(13.0, 4.0)	(14.0, 70.0)	(15.0, 323.0)	(16.0, 753.0)	(17.0, 1064.0)	(18.0, 1492.0)	(19.0, 2104.0)	(20.0, 3187.0)	(21.0, 4754.0)	(22.0, 6891.0)	(23.0, 10001.0)	(24.0, 15579.0)	(25.0, 25722.0)	(26.0, 43137.0)	(27.0, 68582.0)	(28.0, 105834.0)	(29.0, 153610.0)	(30.0, 212129.0)	(31.0, 280094.0)	(32.0, 368838.0)	(33.0, 501984.0)	(34.0, 799771.0)	(35.0, 1879547.0)	(36.0, 11555846.0)	(37.0, 1513164.0)	(38.0, 190453.0)	(39.0, 906209.0)	(40.0, 337168.0)		
131415C14_R2_001	(11.0, 1.0)	(12.0, 44.0)	(13.0, 286.0)	(14.0, 669.0)	(15.0, 1057.0)	(16.0, 2322.0)	(17.0, 5586.0)	(18.0, 10945.0)	(19.0, 16114.0)	(20.0, 22951.0)	(21.0, 31664.0)	(22.0, 41317.0)	(23.0, 51642.0)	(24.0, 64086.0)	(25.0, 77772.0)	(26.0, 96651.0)	(27.0, 119688.0)	(28.0, 151045.0)	(29.0, 191971.0)	(30.0, 249181.0)	(31.0, 333677.0)	(32.0, 484738.0)	(33.0, 768534.0)	(34.0, 1442043.0)	(35.0, 3695325.0)	(36.0, 9527675.0)	(37.0, 411892.0)	(38.0, 249996.0)	(39.0, 787176.0)	(40.0, 152262.0)
131415C4_R1_001	(13.0, 12.0)	(14.0, 148.0)	(15.0, 643.0)	(16.0, 1561.0)	(17.0, 2302.0)	(18.0, 2919.0)	(19.0, 3788.0)	(20.0, 5057.0)	(21.0, 6820.0)	(22.0, 9841.0)	(23.0, 13985.0)	(24.0, 20040.0)	(25.0, 30471.0)	(26.0, 47393.0)	(27.0, 72786.0)	(28.0, 107962.0)	(29.0, 155564.0)	(30.0, 213151.0)	(31.0, 281032.0)	(32.0, 371478.0)	(33.0, 509083.0)	(34.0, 806862.0)	(35.0, 1878462.0)	(36.0, 11258122.0)	(37.0, 1505919.0)	(38.0, 229685.0)	(39.0, 1132129.0)	(40.0, 401316.0)		
131415C4_R2_001	(11.0, 7.0)	(12.0, 111.0)	(13.0, 567.0)	(14.0, 1224.0)	(15.0, 1931.0)	(16.0, 3142.0)	(17.0, 5818.0)	(18.0, 9562.0)	(19.0, 13520.0)	(20.0, 19609.0)	(21.0, 27711.0)	(22.0, 37569.0)	(23.0, 48362.0)	(24.0, 58954.0)	(25.0, 70752.0)	(26.0, 88295.0)	(27.0, 109596.0)	(28.0, 138724.0)	(29.0, 176552.0)	(30.0, 231302.0)	(31.0, 309213.0)	(32.0, 446378.0)	(33.0, 707470.0)	(34.0, 1326206.0)	(35.0, 3443954.0)	(36.0, 9751946.0)	(37.0, 480654.0)	(38.0, 315613.0)	(39.0, 1046076.0)	(40.0, 197713.0)
131415C9_R1_001	(13.0, 6.0)	(14.0, 108.0)	(15.0, 483.0)	(16.0, 1090.0)	(17.0, 1659.0)	(18.0, 2209.0)	(19.0, 2762.0)	(20.0, 4149.0)	(21.0, 5653.0)	(22.0, 7637.0)	(23.0, 10488.0)	(24.0, 15093.0)	(25.0, 23141.0)	(26.0, 37096.0)	(27.0, 59414.0)	(28.0, 91417.0)	(29.0, 134930.0)	(30.0, 188141.0)	(31.0, 252113.0)	(32.0, 332928.0)	(33.0, 454170.0)	(34.0, 718777.0)	(35.0, 1673517.0)	(36.0, 10747913.0)	(37.0, 1525846.0)	(38.0, 284719.0)	(39.0, 1421820.0)	(40.0, 524828.0)		
131415C9_R2_001	(11.0, 4.0)	(12.0, 26.0)	(13.0, 177.0)	(14.0, 486.0)	(15.0, 1055.0)	(16.0, 2565.0)	(17.0, 6271.0)	(18.0, 12189.0)	(19.0, 16417.0)	(20.0, 22020.0)	(21.0, 29059.0)	(22.0, 36707.0)	(23.0, 44299.0)	(24.0, 53674.0)	(25.0, 64493.0)	(26.0, 80486.0)	(27.0, 100465.0)	(28.0, 127143.0)	(29.0, 161561.0)	(30.0, 210647.0)	(31.0, 284370.0)	(32.0, 407131.0)	(33.0, 644839.0)	(34.0, 1209534.0)	(35.0, 3179869.0)	(36.0, 9463381.0)	(37.0, 521130.0)	(38.0, 399836.0)	(39.0, 1239048.0)	(40.0, 203225.0)
131415H14_R1_001	(13.0, 3.0)	(14.0, 71.0)	(15.0, 345.0)	(16.0, 726.0)	(17.0, 1163.0)	(18.0, 1705.0)	(19.0, 2310.0)	(20.0, 3250.0)	(21.0, 4667.0)	(22.0, 6685.0)	(23.0, 9731.0)	(24.0, 14934.0)	(25.0, 24883.0)	(26.0, 41042.0)	(27.0, 66173.0)	(28.0, 102161.0)	(29.0, 148605.0)	(30.0, 205775.0)	(31.0, 272537.0)	(32.0, 358911.0)	(33.0, 486669.0)	(34.0, 768478.0)	(35.0, 1805924.0)	(36.0, 11700659.0)	(37.0, 1581875.0)	(38.0, 207674.0)	(39.0, 1021737.0)	(40.0, 377295.0)		
131415H14_R2_001	(12.0, 32.0)	(13.0, 252.0)	(14.0, 621.0)	(15.0, 1026.0)	(16.0, 2058.0)	(17.0, 4574.0)	(18.0, 8510.0)	(19.0, 12234.0)	(20.0, 18004.0)	(21.0, 25542.0)	(22.0, 34592.0)	(23.0, 44123.0)	(24.0, 54579.0)	(25.0, 67132.0)	(26.0, 83154.0)	(27.0, 105547.0)	(28.0, 135097.0)	(29.0, 172863.0)	(30.0, 225680.0)	(31.0, 306314.0)	(32.0, 445485.0)	(33.0, 712464.0)	(34.0, 1373138.0)	(35.0, 3685487.0)	(36.0, 9912336.0)	(37.0, 433638.0)	(38.0, 295114.0)	(39.0, 904303.0)	(40.0, 152089.0)	
131415H4_R1_001	(13.0, 13.0)	(14.0, 170.0)	(15.0, 664.0)	(16.0, 1589.0)	(17.0, 2317.0)	(18.0, 2849.0)	(19.0, 3501.0)	(20.0, 4543.0)	(21.0, 5732.0)	(22.0, 7860.0)	(23.0, 11531.0)	(24.0, 17855.0)	(25.0, 29496.0)	(26.0, 48400.0)	(27.0, 78143.0)	(28.0, 118793.0)	(29.0, 173456.0)	(30.0, 237059.0)	(31.0, 313146.0)	(32.0, 408924.0)	(33.0, 552400.0)	(34.0, 863708.0)	(35.0, 2000175.0)	(36.0, 13475673.0)	(37.0, 2007923.0)					
131415H4_R2_001	(11.0, 5.0)	(12.0, 72.0)	(13.0, 460.0)	(14.0, 1068.0)	(15.0, 1652.0)	(16.0, 2388.0)	(17.0, 3725.0)	(18.0, 5668.0)	(19.0, 9134.0)	(20.0, 15031.0)	(21.0, 23328.0)	(22.0, 33503.0)	(23.0, 45372.0)	(24.0, 56991.0)	(25.0, 71827.0)	(26.0, 90425.0)	(27.0, 115457.0)	(28.0, 147429.0)	(29.0, 190844.0)	(30.0, 249843.0)	(31.0, 336196.0)	(32.0, 484482.0)	(33.0, 772415.0)	(34.0, 1456490.0)	(35.0, 3866654.0)	(36.0, 11934624.0)	(37.0, 450837.0)			
131415H9_R1_001	(13.0, 2.0)	(14.0, 43.0)	(15.0, 231.0)	(16.0, 608.0)	(17.0, 921.0)	(18.0, 1311.0)	(19.0, 2038.0)	(20.0, 3228.0)	(21.0, 4919.0)	(22.0, 7321.0)	(23.0, 10690.0)	(24.0, 16450.0)	(25.0, 26983.0)	(26.0, 44563.0)	(27.0, 69819.0)	(28.0, 105967.0)	(29.0, 151396.0)	(30.0, 205811.0)	(31.0, 270605.0)	(32.0, 354730.0)	(33.0, 480326.0)	(34.0, 759533.0)	(35.0, 1782721.0)	(36.0, 11175517.0)	(37.0, 1516992.0)	(38.0, 233178.0)	(39.0, 1131989.0)	(40.0, 393228.0)		
131415H9_R2_001	(11.0, 1.0)	(12.0, 68.0)	(13.0, 334.0)	(14.0, 718.0)	(15.0, 1073.0)	(16.0, 2197.0)	(17.0, 5143.0)	(18.0, 10273.0)	(19.0, 15167.0)	(20.0, 22679.0)	(21.0, 32038.0)	(22.0, 42192.0)	(23.0, 51943.0)	(24.0, 63004.0)	(25.0, 76296.0)	(26.0, 93071.0)	(27.0, 115917.0)	(28.0, 145172.0)	(29.0, 184075.0)	(30.0, 238596.0)	(31.0, 320790.0)	(32.0, 462239.0)	(33.0, 734962.0)	(34.0, 1390717.0)	(35.0, 3621835.0)	(36.0, 9233172.0)	(37.0, 419167.0)	(38.0, 323547.0)	(39.0, 987330.0)	(40.0, 157404.0)
131415L14_R1_001	(13.0, 5.0)	(14.0, 83.0)	(15.0, 340.0)	(16.0, 798.0)	(17.0, 1292.0)	(18.0, 1807.0)	(19.0, 2424.0)	(20.0, 3408.0)	(21.0, 4797.0)	(22.0, 7058.0)	(23.0, 10234.0)	(24.0, 16224.0)	(25.0, 27147.0)	(26.0, 44967.0)	(27.0, 72046.0)	(28.0, 108264.0)	(29.0, 156771.0)	(30.0, 214326.0)	(31.0, 282434.0)	(32.0, 375015.0)	(33.0, 513256.0)	(34.0, 816455.0)	(35.0, 1934506.0)	(36.0, 11766924.0)	(37.0, 1407884.0)	(38.0, 211273.0)	(39.0, 990729.0)	(40.0, 303198.0)		
131415L14_R2_001	(11.0, 6.0)	(12.0, 90.0)	(13.0, 493.0)	(14.0, 1014.0)	(15.0, 1374.0)	(16.0, 2685.0)	(17.0, 5886.0)	(18.0, 11195.0)	(19.0, 16770.0)	(20.0, 25149.0)	(21.0, 35783.0)	(22.0, 47368.0)	(23.0, 58724.0)	(24.0, 70355.0)	(25.0, 84516.0)	(26.0, 101545.0)	(27.0, 124708.0)	(28.0, 156294.0)	(29.0, 197584.0)	(30.0, 254330.0)	(31.0, 342430.0)	(32.0, 491636.0)	(33.0, 781846.0)	(34.0, 1472120.0)	(35.0, 3801055.0)	(36.0, 9530530.0)	(37.0, 398428.0)	(38.0, 270756.0)	(39.0, 844066.0)	(40.0, 144929.0)
131415L4_R1_001	(13.0, 7.0)	(14.0, 92.0)	(15.0, 414.0)	(16.0, 826.0)	(17.0, 1307.0)	(18.0, 1628.0)	(19.0, 2401.0)	(20.0, 3796.0)	(21.0, 6544.0)	(22.0, 11263.0)	(23.0, 18012.0)	(24.0, 27598.0)	(25.0, 41400.0)	(26.0, 61681.0)	(27.0, 93039.0)	(28.0, 136669.0)	(29.0, 192966.0)	(30.0, 261874.0)	(31.0, 347299.0)	(32.0, 460766.0)	(33.0, 659861.0)	(34.0, 1034769.0)	(35.0, 2427602.0)	(36.0, 12035912.0)	(37.0, 1173944.0)					
131415L4_R2_001	(11.0, 5.0)	(12.0, 83.0)	(13.0, 433.0)	(14.0, 856.0)	(15.0, 1271.0)	(16.0, 1892.0)	(17.0, 2952.0)	(18.0, 4818.0)	(19.0, 8341.0)	(20.0, 14304.0)	(21.0, 23972.0)	(22.0, 38557.0)	(23.0, 56411.0)	(24.0, 62281.0)	(25.0, 71964.0)	(26.0, 89654.0)	(27.0, 114719.0)	(28.0, 148576.0)	(29.0, 198155.0)	(30.0, 264606.0)	(31.0, 367926.0)	(32.0, 545964.0)	(33.0, 889583.0)	(34.0, 1684219.0)	(35.0, 4241509.0)	(36.0, 9918979.0)	(37.0, 249640.0)			
131415L9_R1_001	(13.0, 6.0)	(14.0, 160.0)	(15.0, 730.0)	(16.0, 1559.0)	(17.0, 2393.0)	(18.0, 3022.0)	(19.0, 3740.0)	(20.0, 4735.0)	(21.0, 6195.0)	(22.0, 8366.0)	(23.0, 11554.0)	(24.0, 16530.0)	(25.0, 25781.0)	(26.0, 42128.0)	(27.0, 66439.0)	(28.0, 102951.0)	(29.0, 150560.0)	(30.0, 208868.0)	(31.0, 279003.0)	(32.0, 372148.0)	(33.0, 513376.0)	(34.0, 827977.0)	(35.0, 1960828.0)	(36.0, 11960681.0)	(37.0, 1467883.0)	(38.0, 169379.0)	(39.0, 824970.0)	(40.0, 263060.0)		
131415L9_R2_001	(11.0, 1.0)	(12.0, 70.0)	(13.0, 481.0)	(14.0, 1177.0)	(15.0, 1906.0)	(16.0, 3365.0)	(17.0, 7340.0)	(18.0, 13241.0)	(19.0, 20092.0)	(20.0, 29915.0)	(21.0, 42762.0)	(22.0, 58157.0)	(23.0, 74598.0)	(24.0, 82734.0)	(25.0, 93865.0)	(26.0, 113442.0)	(27.0, 140451.0)	(28.0, 176433.0)	(29.0, 222282.0)	(30.0, 287419.0)	(31.0, 388017.0)	(32.0, 564232.0)	(33.0, 896146.0)	(34.0, 1672393.0)	(35.0, 4136636.0)	(36.0, 8942918.0)	(37.0, 332985.0)	(38.0, 245306.0)	(39.0, 662880.0)	(40.0, 83778.0)
131415M14_R1_001	(13.0, 7.0)	(14.0, 124.0)	(15.0, 586.0)	(16.0, 1429.0)	(17.0, 2297.0)	(18.0, 2904.0)	(19.0, 3777.0)	(20.0, 4898.0)	(21.0, 6761.0)	(22.0, 8975.0)	(23.0, 12517.0)	(24.0, 18408.0)	(25.0, 28559.0)	(26.0, 44903.0)	(27.0, 69112.0)	(28.0, 104917.0)	(29.0, 151959.0)	(30.0, 209941.0)	(31.0, 280224.0)	(32.0, 371567.0)	(33.0, 514129.0)	(34.0, 828795.0)	(35.0, 1988072.0)	(36.0, 11943023.0)	(37.0, 1430127.0)	(38.0, 191622.0)	(39.0, 886683.0)	(40.0, 293314.0)		
131415M14_R2_001	(11.0, 3.0)	(12.0, 25.0)	(13.0, 160.0)	(14.0, 585.0)	(15.0, 1338.0)	(16.0, 2801.0)	(17.0, 6393.0)	(18.0, 11548.0)	(19.0, 16197.0)	(20.0, 22787.0)	(21.0, 32056.0)	(22.0, 43867.0)	(23.0, 57562.0)	(24.0, 66868.0)	(25.0, 79941.0)	(26.0, 99596.0)	(27.0, 125457.0)	(28.0, 158234.0)	(29.0, 202055.0)	(30.0, 261057.0)	(31.0, 353476.0)	(32.0, 512705.0)	(33.0, 818258.0)	(34.0, 1534545.0)	(35.0, 3890228.0)	(36.0, 9606809.0)	(37.0, 392318.0)	(38.0, 254947.0)	(39.0, 734184.0)	(40.0, 113630.0)
131415M4_R1_001	(13.0, 6.0)	(14.0, 83.0)	(15.0, 383.0)	(16.0, 867.0)	(17.0, 1330.0)	(18.0, 1821.0)	(19.0, 2697.0)	(20.0, 3988.0)	(21.0, 5910.0)	(22.0, 8660.0)	(23.0, 12551.0)	(24.0, 18388.0)	(25.0, 28943.0)	(26.0, 45740.0)	(27.0, 70933.0)	(28.0, 105944.0)	(29.0, 151990.0)	(30.0, 206871.0)	(31.0, 273231.0)	(32.0, 359642.0)	(33.0, 491555.0)	(34.0, 781809.0)	(35.0, 1810319.0)	(36.0, 11034010.0)	(37.0, 1508937.0)	(38.0, 296362.0)	(39.0, 1385761.0)	(40.0, 426049.0)		
131415M4_R2_001	(12.0, 43.0)	(13.0, 291.0)	(14.0, 661.0)	(15.0, 1147.0)	(16.0, 2580.0)	(17.0, 6453.0)	(18.0, 13259.0)	(19.0, 19040.0)	(20.0, 26520.0)	(21.0, 36067.0)	(22.0, 46225.0)	(23.0, 56160.0)	(24.0, 67093.0)	(25.0, 79763.0)	(26.0, 96616.0)	(27.0, 117325.0)	(28.0, 148109.0)	(29.0, 186986.0)	(30.0, 240678.0)	(31.0, 323178.0)	(32.0, 461924.0)	(33.0, 728332.0)	(34.0, 1358731.0)	(35.0, 3477533.0)	(36.0, 9289961.0)	(37.0, 476818.0)	(38.0, 385296.0)	(39.0, 1184422.0)	(40.0, 203569.0)	
131415M9_R1_001	(13.0, 1.0)	(14.0, 63.0)	(15.0, 273.0)	(16.0, 593.0)	(17.0, 948.0)	(18.0, 1473.0)	(19.0, 1931.0)	(20.0, 2999.0)	(21.0, 4497.0)	(22.0, 6778.0)	(23.0, 9927.0)	(24.0, 15278.0)	(25.0, 25686.0)	(26.0, 42091.0)	(27.0, 66724.0)	(28.0, 102357.0)	(29.0, 147905.0)	(30.0, 202794.0)	(31.0, 266751.0)	(32.0, 349159.0)	(33.0, 471036.0)	(34.0, 738084.0)	(35.0, 1700520.0)	(36.0, 11438622.0)	(37.0, 1705458.0)	(38.0, 202235.0)	(39.0, 1024043.0)	(40.0, 393624.0)		
131415M9_R2_001	(12.0, 59.0)	(13.0, 520.0)	(14.0, 970.0)	(15.0, 1348.0)	(16.0, 2314.0)	(17.0, 4545.0)	(18.0, 8839.0)	(19.0, 13505.0)	(20.0, 20179.0)	(21.0, 29462.0)	(22.0, 39361.0)	(23.0, 49839.0)	(24.0, 62407.0)	(25.0, 77249.0)	(26.0, 95182.0)	(27.0, 119240.0)	(28.0, 150265.0)	(29.0, 190461.0)	(30.0, 248042.0)	(31.0, 334565.0)	(32.0, 483510.0)	(33.0, 773141.0)	(34.0, 1474024.0)	(35.0, 3853025.0)	(36.0, 9111201.0)	(37.0, 346520.0)	(38.0, 261018.0)	(39.0, 968432.0)	(40.0, 202627.0)	
13M14_R1_001	(13.0, 7.0)	(14.0, 85.0)	(15.0, 429.0)	(16.0, 949.0)	(17.0, 1628.0)	(18.0, 2077.0)	(19.0, 2725.0)	(20.0, 3504.0)	(21.0, 4839.0)	(22.0, 7120.0)	(23.0, 10651.0)	(24.0, 16704.0)	(25.0, 27279.0)	(26.0, 44842.0)	(27.0, 72266.0)	(28.0, 111755.0)	(29.0, 162352.0)	(30.0, 222720.0)	(31.0, 293941.0)	(32.0, 383830.0)	(33.0, 519686.0)	(34.0, 823755.0)	(35.0, 1942977.0)	(36.0, 12249032.0)	(37.0, 1507948.0)					
13M14_R2_001	(11.0, 3.0)	(12.0, 43.0)	(13.0, 325.0)	(14.0, 706.0)	(15.0, 1050.0)	(16.0, 1651.0)	(17.0, 2441.0)	(18.0, 3833.0)	(19.0, 6302.0)	(20.0, 10379.0)	(21.0, 16686.0)	(22.0, 25397.0)	(23.0, 35729.0)	(24.0, 45342.0)	(25.0, 57526.0)	(26.0, 73344.0)	(27.0, 94957.0)	(28.0, 124016.0)	(29.0, 162883.0)	(30.0, 214457.0)	(31.0, 295412.0)	(32.0, 433778.0)	(33.0, 704695.0)	(34.0, 1368854.0)	(35.0, 3756316.0)	(36.0, 10638401.0)	(37.0, 338575.0)			
456C4_R1_001	(13.0, 16.0)	(14.0, 153.0)	(15.0, 619.0)	(16.0, 1310.0)	(17.0, 1932.0)	(18.0, 2616.0)	(19.0, 3522.0)	(20.0, 5219.0)	(21.0, 6978.0)	(22.0, 9731.0)	(23.0, 12794.0)	(24.0, 17272.0)	(25.0, 25352.0)	(26.0, 39235.0)	(27.0, 60320.0)	(28.0, 92026.0)	(29.0, 134310.0)	(30.0, 185875.0)	(31.0, 247914.0)	(32.0, 328844.0)	(33.0, 447162.0)	(34.0, 704140.0)	(35.0, 1600665.0)	(36.0, 10369827.0)	(37.0, 1655170.0)	(38.0, 417237.0)	(39.0, 2123826.0)	(40.0, 737168.0)		
456C4_R2_001	(11.0, 7.0)	(12.0, 59.0)	(13.0, 382.0)	(14.0, 911.0)	(15.0, 1439.0)	(16.0, 2960.0)	(17.0, 7275.0)	(18.0, 14133.0)	(19.0, 20393.0)	(20.0, 27753.0)	(21.0, 35721.0)	(22.0, 43247.0)	(23.0, 50590.0)	(24.0, 59662.0)	(25.0, 71077.0)	(26.0, 86522.0)	(27.0, 105464.0)	(28.0, 132482.0)	(29.0, 167055.0)	(30.0, 216547.0)	(31.0, 286993.0)	(32.0, 406732.0)	(33.0, 630698.0)	(34.0, 1152629.0)	(35.0, 2950301.0)	(36.0, 9327708.0)	(37.0, 667539.0)	(38.0, 604122.0)	(39.0, 1872544.0)	(40.0, 288288.0)
456H4_R1_001	(13.0, 8.0)	(14.0, 99.0)	(15.0, 442.0)	(16.0, 982.0)	(17.0, 1519.0)	(18.0, 2062.0)	(19.0, 2948.0)	(20.0, 4555.0)	(21.0, 7172.0)	(22.0, 10988.0)	(23.0, 15232.0)	(24.0, 20496.0)	(25.0, 28762.0)	(26.0, 42858.0)	(27.0, 63639.0)	(28.0, 93876.0)	(29.0, 134848.0)	(30.0, 184911.0)	(31.0, 245764.0)	(32.0, 324599.0)	(33.0, 439422.0)	(34.0, 697103.0)	(35.0, 1608405.0)	(36.0, 9202836.0)	(37.0, 1258150.0)	(38.0, 414349.0)	(39.0, 2123906.0)	(40.0, 766549.0)		
456H4_R2_001	(11.0, 1.0)	(12.0, 51.0)	(13.0, 270.0)	(14.0, 694.0)	(15.0, 1217.0)	(16.0, 2720.0)	(17.0, 6963.0)	(18.0, 13625.0)	(19.0, 18399.0)	(20.0, 24311.0)	(21.0, 31454.0)	(22.0, 39463.0)	(23.0, 47682.0)	(24.0, 54644.0)	(25.0, 62998.0)	(26.0, 76841.0)	(27.0, 94167.0)	(28.0, 119115.0)	(29.0, 150867.0)	(30.0, 196304.0)	(31.0, 265234.0)	(32.0, 381570.0)	(33.0, 603297.0)	(34.0, 1132282.0)	(35.0, 2939315.0)	(36.0, 8044681.0)	(37.0, 521074.0)	(38.0, 574373.0)	(39.0, 1915448.0)	(40.0, 377420.0)
456H9_R1_001	(13.0, 18.0)	(14.0, 235.0)	(15.0, 1109.0)	(16.0, 2520.0)	(17.0, 3837.0)	(18.0, 4635.0)	(19.0, 5404.0)	(20.0, 6493.0)	(21.0, 8443.0)	(22.0, 11815.0)	(23.0, 18004.0)	(24.0, 28588.0)	(25.0, 46044.0)	(26.0, 71237.0)	(27.0, 106825.0)	(28.0, 155484.0)	(29.0, 217557.0)	(30.0, 295937.0)	(31.0, 389605.0)	(32.0, 518960.0)	(33.0, 724075.0)	(34.0, 1188780.0)	(35.0, 2826543.0)	(36.0, 14453495.0)	(37.0, 1500859.0)					
456H9_R2_001	(11.0, 7.0)	(12.0, 189.0)	(13.0, 953.0)	(14.0, 1855.0)	(15.0, 2734.0)	(16.0, 3981.0)	(17.0, 6025.0)	(18.0, 9427.0)	(19.0, 15206.0)	(20.0, 24475.0)	(21.0, 37186.0)	(22.0, 52135.0)	(23.0, 69512.0)	(24.0, 86264.0)	(25.0, 104879.0)	(26.0, 129118.0)	(27.0, 162136.0)	(28.0, 203473.0)	(29.0, 260711.0)	(30.0, 341181.0)	(31.0, 464085.0)	(32.0, 677411.0)	(33.0, 1081999.0)	(34.0, 2010470.0)	(35.0, 4908692.0)	(36.0, 11596756.0)	(37.0, 335642.0)			
456L14_R1_001	(13.0, 5.0)	(14.0, 85.0)	(15.0, 433.0)	(16.0, 907.0)	(17.0, 1463.0)	(18.0, 2049.0)	(19.0, 3106.0)	(20.0, 4668.0)	(21.0, 6849.0)	(22.0, 9583.0)	(23.0, 13193.0)	(24.0, 18601.0)	(25.0, 27907.0)	(26.0, 43434.0)	(27.0, 65944.0)	(28.0, 96895.0)	(29.0, 137362.0)	(30.0, 187929.0)	(31.0, 247224.0)	(32.0, 327249.0)	(33.0, 448430.0)	(34.0, 714520.0)	(35.0, 1659903.0)	(36.0, 9541794.0)	(37.0, 1352191.0)	(38.0, 531833.0)	(39.0, 2483704.0)	(40.0, 897498.0)		
456L14_R2_001	(11.0, 1.0)	(12.0, 29.0)	(13.0, 181.0)	(14.0, 542.0)	(15.0, 1103.0)	(16.0, 2994.0)	(17.0, 8911.0)	(18.0, 18016.0)	(19.0, 23956.0)	(20.0, 29958.0)	(21.0, 37108.0)	(22.0, 45552.0)	(23.0, 53264.0)	(24.0, 62483.0)	(25.0, 73177.0)	(26.0, 89114.0)	(27.0, 108663.0)	(28.0, 135392.0)	(29.0, 169967.0)	(30.0, 219003.0)	(31.0, 291474.0)	(32.0, 418153.0)	(33.0, 653206.0)	(34.0, 1198278.0)	(35.0, 2981073.0)	(36.0, 8216158.0)	(37.0, 628156.0)	(38.0, 680685.0)	(39.0, 2217474.0)	(40.0, 460688.0)
456L4_R1_001	(13.0, 2.0)	(14.0, 105.0)	(15.0, 519.0)	(16.0, 1163.0)	(17.0, 1722.0)	(18.0, 2238.0)	(19.0, 2903.0)	(20.0, 4180.0)	(21.0, 6370.0)	(22.0, 10000.0)	(23.0, 16041.0)	(24.0, 24052.0)	(25.0, 37061.0)	(26.0, 57264.0)	(27.0, 86625.0)	(28.0, 126599.0)	(29.0, 179238.0)	(30.0, 239754.0)	(31.0, 313506.0)	(32.0, 409898.0)	(33.0, 558609.0)	(34.0, 891104.0)	(35.0, 2104748.0)	(36.0, 11616041.0)	(37.0, 1311676.0)					
456L4_R2_001	(11.0, 3.0)	(12.0, 116.0)	(13.0, 556.0)	(14.0, 911.0)	(15.0, 1310.0)	(16.0, 1834.0)	(17.0, 2871.0)	(18.0, 4569.0)	(19.0, 7668.0)	(20.0, 12787.0)	(21.0, 20327.0)	(22.0, 29940.0)	(23.0, 41994.0)	(24.0, 53665.0)	(25.0, 64974.0)	(26.0, 78732.0)	(27.0, 98598.0)	(28.0, 126452.0)	(29.0, 165706.0)	(30.0, 218046.0)	(31.0, 301661.0)	(32.0, 446899.0)	(33.0, 729490.0)	(34.0, 1404974.0)	(35.0, 3743927.0)	(36.0, 10127446.0)	(37.0, 315962.0)			
456L9_R1_001	(13.0, 6.0)	(14.0, 118.0)	(15.0, 610.0)	(16.0, 1326.0)	(17.0, 1975.0)	(18.0, 2618.0)	(19.0, 3288.0)	(20.0, 4052.0)	(21.0, 5515.0)	(22.0, 7460.0)	(23.0, 11320.0)	(24.0, 17260.0)	(25.0, 28561.0)	(26.0, 45874.0)	(27.0, 72665.0)	(28.0, 109520.0)	(29.0, 158241.0)	(30.0, 217127.0)	(31.0, 286933.0)	(32.0, 377192.0)	(33.0, 517295.0)	(34.0, 827524.0)	(35.0, 1982484.0)	(36.0, 12082826.0)	(37.0, 1419890.0)					
456L9_R2_001	(12.0, 61.0)	(13.0, 369.0)	(14.0, 830.0)	(15.0, 1355.0)	(16.0, 2088.0)	(17.0, 3109.0)	(18.0, 4954.0)	(19.0, 8140.0)	(20.0, 13348.0)	(21.0, 21335.0)	(22.0, 31357.0)	(23.0, 43256.0)	(24.0, 53617.0)	(25.0, 66712.0)	(26.0, 83453.0)	(27.0, 106167.0)	(28.0, 134808.0)	(29.0, 175178.0)	(30.0, 229358.0)	(31.0, 311849.0)	(32.0, 456190.0)	(33.0, 739166.0)	(34.0, 1417386.0)	(35.0, 3774647.0)	(36.0, 10190446.0)	(37.0, 312501.0)				
456M14_R1_001	(13.0, 2.0)	(14.0, 83.0)	(15.0, 383.0)	(16.0, 912.0)	(17.0, 1365.0)	(18.0, 1773.0)	(19.0, 2222.0)	(20.0, 2889.0)	(21.0, 3973.0)	(22.0, 5613.0)	(23.0, 8325.0)	(24.0, 13880.0)	(25.0, 23680.0)	(26.0, 40986.0)	(27.0, 67861.0)	(28.0, 105191.0)	(29.0, 154686.0)	(30.0, 213169.0)	(31.0, 282846.0)	(32.0, 371622.0)	(33.0, 505156.0)	(34.0, 804751.0)	(35.0, 1910889.0)	(36.0, 12442079.0)	(37.0, 1555298.0)					
456M14_R2_001	(11.0, 8.0)	(12.0, 72.0)	(13.0, 411.0)	(14.0, 911.0)	(15.0, 1329.0)	(16.0, 1922.0)	(17.0, 2840.0)	(18.0, 4685.0)	(19.0, 8346.0)	(20.0, 14883.0)	(21.0, 24013.0)	(22.0, 35187.0)	(23.0, 47631.0)	(24.0, 59724.0)	(25.0, 74125.0)	(26.0, 92240.0)	(27.0, 116313.0)	(28.0, 146551.0)	(29.0, 189775.0)	(30.0, 247790.0)	(31.0, 334878.0)	(32.0, 484969.0)	(33.0, 778079.0)	(34.0, 1477390.0)	(35.0, 3877861.0)	(36.0, 10198702.0)	(37.0, 298999.0)			
456M4_R1_001	(13.0, 11.0)	(14.0, 201.0)	(15.0, 1075.0)	(16.0, 2284.0)	(17.0, 3349.0)	(18.0, 3999.0)	(19.0, 4907.0)	(20.0, 6158.0)	(21.0, 8241.0)	(22.0, 11047.0)	(23.0, 15383.0)	(24.0, 22406.0)	(25.0, 33693.0)	(26.0, 50555.0)	(27.0, 73933.0)	(28.0, 107200.0)	(29.0, 151452.0)	(30.0, 207700.0)	(31.0, 274205.0)	(32.0, 362981.0)	(33.0, 495299.0)	(34.0, 785295.0)	(35.0, 1828907.0)	(36.0, 11593447.0)	(37.0, 1656919.0)	(38.0, 200086.0)	(39.0, 929708.0)	(40.0, 302108.0)		
456M4_R2_001	(11.0, 1.0)	(12.0, 50.0)	(13.0, 368.0)	(14.0, 967.0)	(15.0, 1925.0)	(16.0, 3545.0)	(17.0, 7301.0)	(18.0, 12720.0)	(19.0, 18037.0)	(20.0, 26121.0)	(21.0, 36125.0)	(22.0, 46540.0)	(23.0, 58273.0)	(24.0, 70103.0)	(25.0, 83942.0)	(26.0, 102459.0)	(27.0, 126044.0)	(28.0, 156268.0)	(29.0, 195337.0)	(30.0, 250721.0)	(31.0, 331923.0)	(32.0, 475693.0)	(33.0, 748201.0)	(34.0, 1391368.0)	(35.0, 3534922.0)	(36.0, 9799085.0)	(37.0, 470948.0)	(38.0, 260377.0)	(39.0, 788391.0)	(40.0, 134794.0)
456M9_R1_001	(13.0, 5.0)	(14.0, 103.0)	(15.0, 510.0)	(16.0, 1170.0)	(17.0, 1718.0)	(18.0, 2462.0)	(19.0, 3664.0)	(20.0, 5526.0)	(21.0, 8356.0)	(22.0, 11892.0)	(23.0, 15531.0)	(24.0, 20714.0)	(25.0, 29671.0)	(26.0, 44006.0)	(27.0, 63999.0)	(28.0, 93667.0)	(29.0, 131513.0)	(30.0, 177726.0)	(31.0, 230763.0)	(32.0, 303063.0)	(33.0, 408521.0)	(34.0, 643694.0)	(35.0, 1468544.0)	(36.0, 8424792.0)	(37.0, 1195578.0)	(38.0, 521564.0)	(39.0, 2660488.0)	(40.0, 965798.0)		
456M9_R2_001	(11.0, 2.0)	(12.0, 39.0)	(13.0, 246.0)	(14.0, 603.0)	(15.0, 1202.0)	(16.0, 3177.0)	(17.0, 8731.0)	(18.0, 16750.0)	(19.0, 22051.0)	(20.0, 28646.0)	(21.0, 36341.0)	(22.0, 44168.0)	(23.0, 50701.0)	(24.0, 57174.0)	(25.0, 65174.0)	(26.0, 78032.0)	(27.0, 95618.0)	(28.0, 119022.0)	(29.0, 147447.0)	(30.0, 189558.0)	(31.0, 251285.0)	(32.0, 358388.0)	(33.0, 558715.0)	(34.0, 1031448.0)	(35.0, 2637741.0)	(36.0, 7497246.0)	(37.0, 622655.0)	(38.0, 751393.0)	(39.0, 2361383.0)	(40.0, 400102.0)
45C14_R1_001	(13.0, 9.0)	(14.0, 80.0)	(15.0, 423.0)	(16.0, 968.0)	(17.0, 1476.0)	(18.0, 1952.0)	(19.0, 2632.0)	(20.0, 3856.0)	(21.0, 6257.0)	(22.0, 10132.0)	(23.0, 15796.0)	(24.0, 23751.0)	(25.0, 36028.0)	(26.0, 55626.0)	(27.0, 85306.0)	(28.0, 127064.0)	(29.0, 181356.0)	(30.0, 247414.0)	(31.0, 324474.0)	(32.0, 427407.0)	(33.0, 584596.0)	(34.0, 940515.0)	(35.0, 2252045.0)	(36.0, 12349361.0)	(37.0, 1355018.0)					
45C14_R2_001	(11.0, 4.0)	(12.0, 131.0)	(13.0, 586.0)	(14.0, 1112.0)	(15.0, 1615.0)	(16.0, 2099.0)	(17.0, 3121.0)	(18.0, 5199.0)	(19.0, 9101.0)	(20.0, 15658.0)	(21.0, 26362.0)	(22.0, 42623.0)	(23.0, 64602.0)	(24.0, 68659.0)	(25.0, 74718.0)	(26.0, 90072.0)	(27.0, 115040.0)	(28.0, 148127.0)	(29.0, 192863.0)	(30.0, 253704.0)	(31.0, 348821.0)	(32.0, 511857.0)	(33.0, 827807.0)	(34.0, 1559891.0)	(35.0, 4032792.0)	(36.0, 10336182.0)	(37.0, 300796.0)			
45C9_R1_001	(13.0, 9.0)	(14.0, 126.0)	(15.0, 568.0)	(16.0, 1270.0)	(17.0, 1937.0)	(18.0, 2584.0)	(19.0, 4008.0)	(20.0, 6215.0)	(21.0, 9387.0)	(22.0, 13702.0)	(23.0, 18846.0)	(24.0, 26062.0)	(25.0, 36740.0)	(26.0, 51225.0)	(27.0, 70189.0)	(28.0, 97823.0)	(29.0, 133150.0)	(30.0, 178049.0)	(31.0, 232417.0)	(32.0, 304563.0)	(33.0, 411883.0)	(34.0, 643592.0)	(35.0, 1463854.0)	(36.0, 8421936.0)	(37.0, 1235355.0)	(38.0, 594500.0)	(39.0, 2852626.0)	(40.0, 1042198.0)		
45C9_R2_001	(11.0, 3.0)	(12.0, 40.0)	(13.0, 269.0)	(14.0, 735.0)	(15.0, 1380.0)	(16.0, 3693.0)	(17.0, 9823.0)	(18.0, 19359.0)	(19.0, 25162.0)	(20.0, 32438.0)	(21.0, 40284.0)	(22.0, 48720.0)	(23.0, 55907.0)	(24.0, 64084.0)	(25.0, 73228.0)	(26.0, 87408.0)	(27.0, 103809.0)	(28.0, 127015.0)	(29.0, 155718.0)	(30.0, 198761.0)	(31.0, 259527.0)	(32.0, 369130.0)	(33.0, 571506.0)	(34.0, 1054661.0)	(35.0, 2711943.0)	(36.0, 7403767.0)	(37.0, 625313.0)	(38.0, 825770.0)	(39.0, 2544755.0)	(40.0, 440606.0)
45H14_R1_001	(13.0, 6.0)	(14.0, 82.0)	(15.0, 414.0)	(16.0, 987.0)	(17.0, 1439.0)	(18.0, 2073.0)	(19.0, 2974.0)	(20.0, 5241.0)	(21.0, 8616.0)	(22.0, 13740.0)	(23.0, 19246.0)	(24.0, 27062.0)	(25.0, 38640.0)	(26.0, 56720.0)	(27.0, 81264.0)	(28.0, 114431.0)	(29.0, 158035.0)	(30.0, 212830.0)	(31.0, 277436.0)	(32.0, 365582.0)	(33.0, 506000.0)	(34.0, 813705.0)	(35.0, 1848264.0)	(36.0, 9336419.0)	(37.0, 1200682.0)	(38.0, 515914.0)	(39.0, 2366685.0)	(40.0, 773650.0)		
45H14_R2_001	(11.0, 2.0)	(12.0, 74.0)	(13.0, 346.0)	(14.0, 792.0)	(15.0, 1278.0)	(16.0, 2920.0)	(17.0, 6454.0)	(18.0, 11543.0)	(19.0, 16252.0)	(20.0, 23001.0)	(21.0, 32229.0)	(22.0, 43086.0)	(23.0, 53927.0)	(24.0, 62111.0)	(25.0, 73204.0)	(26.0, 88806.0)	(27.0, 109041.0)	(28.0, 137124.0)	(29.0, 172005.0)	(30.0, 222479.0)	(31.0, 298098.0)	(32.0, 428333.0)	(33.0, 673167.0)	(34.0, 1241153.0)	(35.0, 3100799.0)	(36.0, 8101821.0)	(37.0, 557266.0)	(38.0, 658074.0)	(39.0, 2208489.0)	(40.0, 424263.0)
67C9_R1_001	(12.0, 1.0)	(13.0, 12.0)	(14.0, 185.0)	(15.0, 941.0)	(16.0, 2084.0)	(17.0, 2928.0)	(18.0, 3817.0)	(19.0, 4418.0)	(20.0, 5313.0)	(21.0, 6780.0)	(22.0, 8926.0)	(23.0, 13133.0)	(24.0, 20564.0)	(25.0, 32867.0)	(26.0, 54567.0)	(27.0, 86951.0)	(28.0, 131760.0)	(29.0, 189254.0)	(30.0, 257960.0)	(31.0, 340560.0)	(32.0, 450450.0)	(33.0, 620694.0)	(34.0, 973813.0)	(35.0, 2273430.0)	(36.0, 14231612.0)	(37.0, 1825024.0)				
67C9_R2_001	(11.0, 4.0)	(12.0, 115.0)	(13.0, 704.0)	(14.0, 1416.0)	(15.0, 2106.0)	(16.0, 3001.0)	(17.0, 4235.0)	(18.0, 6524.0)	(19.0, 10608.0)	(20.0, 17922.0)	(21.0, 27102.0)	(22.0, 39606.0)	(23.0, 52891.0)	(24.0, 66025.0)	(25.0, 80627.0)	(26.0, 98971.0)	(27.0, 125940.0)	(28.0, 160538.0)	(29.0, 207297.0)	(30.0, 271487.0)	(31.0, 370831.0)	(32.0, 539726.0)	(33.0, 865479.0)	(34.0, 1644626.0)	(35.0, 4347754.0)	(36.0, 12189476.0)	(37.0, 403033.0)			
6C14_R1_001	(13.0, 8.0)	(14.0, 176.0)	(15.0, 737.0)	(16.0, 1514.0)	(17.0, 2376.0)	(18.0, 2944.0)	(19.0, 3522.0)	(20.0, 4505.0)	(21.0, 6140.0)	(22.0, 8216.0)	(23.0, 11240.0)	(24.0, 16561.0)	(25.0, 26538.0)	(26.0, 42678.0)	(27.0, 68979.0)	(28.0, 105990.0)	(29.0, 155426.0)	(30.0, 213911.0)	(31.0, 283548.0)	(32.0, 372290.0)	(33.0, 505483.0)	(34.0, 794937.0)	(35.0, 1844415.0)	(36.0, 11964544.0)	(37.0, 1643538.0)	(38.0, 142625.0)	(39.0, 748811.0)	(40.0, 265914.0)		
6C14_R2_001	(11.0, 1.0)	(12.0, 32.0)	(13.0, 320.0)	(14.0, 781.0)	(15.0, 1448.0)	(16.0, 2417.0)	(17.0, 4510.0)	(18.0, 7990.0)	(19.0, 11865.0)	(20.0, 17286.0)	(21.0, 24729.0)	(22.0, 33573.0)	(23.0, 43683.0)	(24.0, 53358.0)	(25.0, 65547.0)	(26.0, 82684.0)	(27.0, 105070.0)	(28.0, 135014.0)	(29.0, 174281.0)	(30.0, 226934.0)	(31.0, 309121.0)	(32.0, 445398.0)	(33.0, 711449.0)	(34.0, 1344714.0)	(35.0, 3578477.0)	(36.0, 10394939.0)	(37.0, 426595.0)	(38.0, 186550.0)	(39.0, 697207.0)	(40.0, 151593.0)
789C4_R1_001	(14.0, 15.0)	(15.0, 43.0)	(16.0, 106.0)	(17.0, 232.0)	(18.0, 567.0)	(19.0, 1749.0)	(20.0, 4850.0)	(21.0, 10723.0)	(22.0, 19056.0)	(23.0, 28220.0)	(24.0, 40082.0)	(25.0, 55376.0)	(26.0, 77142.0)	(27.0, 105889.0)	(28.0, 144476.0)	(29.0, 192214.0)	(30.0, 255546.0)	(31.0, 334051.0)	(32.0, 453536.0)	(33.0, 652506.0)	(34.0, 1052525.0)	(35.0, 2352576.0)	(36.0, 7078417.0)	(37.0, 720743.0)	(38.0, 824671.0)	(39.0, 3224821.0)	(40.0, 1075272.0)			
789C4_R2_001	(11.0, 5.0)	(12.0, 60.0)	(13.0, 294.0)	(14.0, 700.0)	(15.0, 1718.0)	(16.0, 3331.0)	(17.0, 5861.0)	(18.0, 9946.0)	(19.0, 15249.0)	(20.0, 24053.0)	(21.0, 33919.0)	(22.0, 45002.0)	(23.0, 56086.0)	(24.0, 67168.0)	(25.0, 79604.0)	(26.0, 101389.0)	(27.0, 129470.0)	(28.0, 167276.0)	(29.0, 213386.0)	(30.0, 281793.0)	(31.0, 379718.0)	(32.0, 551246.0)	(33.0, 856183.0)	(34.0, 1517398.0)	(35.0, 3238364.0)	(36.0, 5970522.0)	(37.0, 773532.0)	(38.0, 1193978.0)	(39.0, 2619355.0)	(40.0, 368798.0)
789H14_R1_001	(13.0, 2.0)	(14.0, 58.0)	(15.0, 252.0)	(16.0, 564.0)	(17.0, 881.0)	(18.0, 1291.0)	(19.0, 1756.0)	(20.0, 2341.0)	(21.0, 3232.0)	(22.0, 4560.0)	(23.0, 7147.0)	(24.0, 12204.0)	(25.0, 21407.0)	(26.0, 37348.0)	(27.0, 62804.0)	(28.0, 99978.0)	(29.0, 146761.0)	(30.0, 203661.0)	(31.0, 270678.0)	(32.0, 356285.0)	(33.0, 486635.0)	(34.0, 773344.0)	(35.0, 1852597.0)	(36.0, 12258706.0)	(37.0, 1535014.0)					
789H14_R2_001	(11.0, 1.0)	(12.0, 37.0)	(13.0, 231.0)	(14.0, 515.0)	(15.0, 915.0)	(16.0, 1298.0)	(17.0, 2142.0)	(18.0, 3638.0)	(19.0, 6612.0)	(20.0, 11886.0)	(21.0, 19746.0)	(22.0, 29789.0)	(23.0, 41065.0)	(24.0, 51553.0)	(25.0, 63983.0)	(26.0, 80806.0)	(27.0, 102830.0)	(28.0, 132574.0)	(29.0, 172188.0)	(30.0, 226939.0)	(31.0, 312195.0)	(32.0, 456911.0)	(33.0, 740069.0)	(34.0, 1424747.0)	(35.0, 3828525.0)	(36.0, 10134346.0)	(37.0, 293965.0)			
789H4_R1_001	(13.0, 1.0)	(14.0, 36.0)	(15.0, 177.0)	(16.0, 458.0)	(17.0, 724.0)	(18.0, 1077.0)	(19.0, 1434.0)	(20.0, 2184.0)	(21.0, 3454.0)	(22.0, 5509.0)	(23.0, 9039.0)	(24.0, 14960.0)	(25.0, 25518.0)	(26.0, 43084.0)	(27.0, 71845.0)	(28.0, 111921.0)	(29.0, 164855.0)	(30.0, 227711.0)	(31.0, 302797.0)	(32.0, 398764.0)	(33.0, 543146.0)	(34.0, 867132.0)	(35.0, 2032752.0)	(36.0, 12952358.0)	(37.0, 1645248.0)					
789H4_R2_001	(11.0, 5.0)	(12.0, 125.0)	(13.0, 872.0)	(14.0, 1504.0)	(15.0, 1708.0)	(16.0, 2182.0)	(17.0, 2977.0)	(18.0, 4795.0)	(19.0, 8745.0)	(20.0, 15681.0)	(21.0, 25444.0)	(22.0, 38894.0)	(23.0, 53801.0)	(24.0, 65936.0)	(25.0, 78004.0)	(26.0, 94276.0)	(27.0, 119735.0)	(28.0, 152733.0)	(29.0, 197587.0)	(30.0, 258863.0)	(31.0, 355590.0)	(32.0, 517910.0)	(33.0, 837534.0)	(34.0, 1604617.0)	(35.0, 4228705.0)	(36.0, 10479634.0)	(37.0, 278327.0)			
789H9_R1_001	(13.0, 3.0)	(14.0, 49.0)	(15.0, 232.0)	(16.0, 552.0)	(17.0, 916.0)	(18.0, 1406.0)	(19.0, 1926.0)	(20.0, 3087.0)	(21.0, 4668.0)	(22.0, 6764.0)	(23.0, 9781.0)	(24.0, 15402.0)	(25.0, 25263.0)	(26.0, 42284.0)	(27.0, 68298.0)	(28.0, 103388.0)	(29.0, 149541.0)	(30.0, 204352.0)	(31.0, 269882.0)	(32.0, 354823.0)	(33.0, 483761.0)	(34.0, 771885.0)	(35.0, 1816275.0)	(36.0, 11196327.0)	(37.0, 1418916.0)	(38.0, 250932.0)	(39.0, 1189115.0)	(40.0, 363921.0)		
789H9_R2_001	(11.0, 1.0)	(12.0, 54.0)	(13.0, 413.0)	(14.0, 768.0)	(15.0, 1237.0)	(16.0, 2610.0)	(17.0, 6664.0)	(18.0, 13306.0)	(19.0, 18645.0)	(20.0, 25881.0)	(21.0, 35911.0)	(22.0, 47820.0)	(23.0, 60626.0)	(24.0, 69286.0)	(25.0, 77791.0)	(26.0, 94615.0)	(27.0, 115047.0)	(28.0, 144417.0)	(29.0, 182993.0)	(30.0, 236571.0)	(31.0, 317264.0)	(32.0, 457083.0)	(33.0, 725320.0)	(34.0, 1361271.0)	(35.0, 3539389.0)	(36.0, 9302724.0)	(37.0, 432308.0)	(38.0, 335986.0)	(39.0, 995389.0)	(40.0, 152359.0)
789L14_R1_001	(13.0, 5.0)	(14.0, 92.0)	(15.0, 443.0)	(16.0, 973.0)	(17.0, 1518.0)	(18.0, 2009.0)	(19.0, 2759.0)	(20.0, 4109.0)	(21.0, 5723.0)	(22.0, 8091.0)	(23.0, 11298.0)	(24.0, 16327.0)	(25.0, 25480.0)	(26.0, 41554.0)	(27.0, 65670.0)	(28.0, 100791.0)	(29.0, 145337.0)	(30.0, 199983.0)	(31.0, 262755.0)	(32.0, 345756.0)	(33.0, 470556.0)	(34.0, 750811.0)	(35.0, 1776535.0)	(36.0, 10774193.0)	(37.0, 1338881.0)	(38.0, 282372.0)	(39.0, 1423693.0)	(40.0, 517018.0)		
789L14_R2_001	(12.0, 60.0)	(13.0, 365.0)	(14.0, 776.0)	(15.0, 1300.0)	(16.0, 2717.0)	(17.0, 6607.0)	(18.0, 12171.0)	(19.0, 17531.0)	(20.0, 24674.0)	(21.0, 33337.0)	(22.0, 42942.0)	(23.0, 52507.0)	(24.0, 62311.0)	(25.0, 74457.0)	(26.0, 91236.0)	(27.0, 111917.0)	(28.0, 141505.0)	(29.0, 179084.0)	(30.0, 231034.0)	(31.0, 313030.0)	(32.0, 456768.0)	(33.0, 726470.0)	(34.0, 1364207.0)	(35.0, 3507270.0)	(36.0, 8762796.0)	(37.0, 438912.0)	(38.0, 382506.0)	(39.0, 1268561.0)	(40.0, 267681.0)	
789L4_R1_001	(13.0, 18.0)	(14.0, 264.0)	(15.0, 1183.0)	(16.0, 2366.0)	(17.0, 3708.0)	(18.0, 4312.0)	(19.0, 4953.0)	(20.0, 6038.0)	(21.0, 7281.0)	(22.0, 9500.0)	(23.0, 13643.0)	(24.0, 20743.0)	(25.0, 33106.0)	(26.0, 50345.0)	(27.0, 75770.0)	(28.0, 109979.0)	(29.0, 156876.0)	(30.0, 213854.0)	(31.0, 282775.0)	(32.0, 369472.0)	(33.0, 501304.0)	(34.0, 791622.0)	(35.0, 1848146.0)	(36.0, 12543402.0)	(37.0, 1827525.0)					
789L4_R2_001	(11.0, 1.0)	(12.0, 101.0)	(13.0, 547.0)	(14.0, 1401.0)	(15.0, 2253.0)	(16.0, 3369.0)	(17.0, 4843.0)	(18.0, 7110.0)	(19.0, 11355.0)	(20.0, 17833.0)	(21.0, 26391.0)	(22.0, 37118.0)	(23.0, 48952.0)	(24.0, 60076.0)	(25.0, 73005.0)	(26.0, 91102.0)	(27.0, 112147.0)	(28.0, 142142.0)	(29.0, 181958.0)	(30.0, 235991.0)	(31.0, 318783.0)	(32.0, 463877.0)	(33.0, 746755.0)	(34.0, 1427540.0)	(35.0, 3789744.0)	(36.0, 10714892.0)	(37.0, 358899.0)			
789L9_R1_001	(13.0, 4.0)	(14.0, 114.0)	(15.0, 426.0)	(16.0, 1046.0)	(17.0, 1705.0)	(18.0, 2252.0)	(19.0, 2795.0)	(20.0, 3654.0)	(21.0, 4841.0)	(22.0, 6731.0)	(23.0, 10125.0)	(24.0, 15244.0)	(25.0, 25250.0)	(26.0, 41720.0)	(27.0, 67536.0)	(28.0, 105482.0)	(29.0, 155461.0)	(30.0, 214793.0)	(31.0, 289438.0)	(32.0, 384478.0)	(33.0, 532475.0)	(34.0, 863238.0)	(35.0, 2080427.0)	(36.0, 12297209.0)	(37.0, 1390171.0)					
789L9_R2_001	(11.0, 5.0)	(12.0, 37.0)	(13.0, 241.0)	(14.0, 697.0)	(15.0, 1229.0)	(16.0, 1915.0)	(17.0, 2935.0)	(18.0, 4761.0)	(19.0, 8276.0)	(20.0, 14377.0)	(21.0, 23016.0)	(22.0, 34135.0)	(23.0, 46965.0)	(24.0, 58731.0)	(25.0, 73697.0)	(26.0, 92699.0)	(27.0, 118732.0)	(28.0, 152112.0)	(29.0, 196747.0)	(30.0, 257390.0)	(31.0, 350264.0)	(32.0, 512547.0)	(33.0, 821499.0)	(34.0, 1547701.0)	(35.0, 3957129.0)	(36.0, 9933057.0)	(37.0, 285721.0)			
789M14_R1_001	(12.0, 1.0)	(13.0, 14.0)	(14.0, 182.0)	(15.0, 833.0)	(16.0, 1949.0)	(17.0, 2947.0)	(18.0, 3628.0)	(19.0, 4302.0)	(20.0, 5140.0)	(21.0, 6404.0)	(22.0, 8904.0)	(23.0, 13232.0)	(24.0, 21244.0)	(25.0, 34627.0)	(26.0, 55809.0)	(27.0, 86801.0)	(28.0, 128968.0)	(29.0, 184717.0)	(30.0, 249428.0)	(31.0, 328457.0)	(32.0, 427888.0)	(33.0, 581325.0)	(34.0, 922426.0)	(35.0, 2194140.0)	(36.0, 14059599.0)	(37.0, 1721030.0)				
789M14_R2_001	(11.0, 3.0)	(12.0, 84.0)	(13.0, 503.0)	(14.0, 1203.0)	(15.0, 1874.0)	(16.0, 2834.0)	(17.0, 4242.0)	(18.0, 6381.0)	(19.0, 10667.0)	(20.0, 18331.0)	(21.0, 28654.0)	(22.0, 42012.0)	(23.0, 56990.0)	(24.0, 70441.0)	(25.0, 85017.0)	(26.0, 104913.0)	(27.0, 129536.0)	(28.0, 163340.0)	(29.0, 208169.0)	(30.0, 268898.0)	(31.0, 364679.0)	(32.0, 526413.0)	(33.0, 842923.0)	(34.0, 1605732.0)	(35.0, 4270800.0)	(36.0, 11847820.0)	(37.0, 381536.0)			
789M4_R1_001	(13.0, 15.0)	(14.0, 186.0)	(15.0, 739.0)	(16.0, 1581.0)	(17.0, 2387.0)	(18.0, 2899.0)	(19.0, 3590.0)	(20.0, 4674.0)	(21.0, 6540.0)	(22.0, 9813.0)	(23.0, 15103.0)	(24.0, 24286.0)	(25.0, 39163.0)	(26.0, 59146.0)	(27.0, 86570.0)	(28.0, 123193.0)	(29.0, 173275.0)	(30.0, 235833.0)	(31.0, 312938.0)	(32.0, 410652.0)	(33.0, 564375.0)	(34.0, 901083.0)	(35.0, 2131741.0)	(36.0, 12931155.0)	(37.0, 1609167.0)					
789M4_R2_001	(11.0, 4.0)	(12.0, 90.0)	(13.0, 481.0)	(14.0, 1136.0)	(15.0, 1769.0)	(16.0, 2500.0)	(17.0, 3806.0)	(18.0, 5981.0)	(19.0, 9921.0)	(20.0, 16459.0)	(21.0, 26056.0)	(22.0, 37999.0)	(23.0, 51553.0)	(24.0, 64532.0)	(25.0, 80399.0)	(26.0, 101561.0)	(27.0, 127472.0)	(28.0, 160288.0)	(29.0, 204004.0)	(30.0, 260764.0)	(31.0, 351322.0)	(32.0, 507449.0)	(33.0, 809117.0)	(34.0, 1522214.0)	(35.0, 3953402.0)	(36.0, 10989467.0)	(37.0, 360358.0)			
7C14_R1_001	(13.0, 9.0)	(14.0, 120.0)	(15.0, 529.0)	(16.0, 1279.0)	(17.0, 1903.0)	(18.0, 2508.0)	(19.0, 3340.0)	(20.0, 4694.0)	(21.0, 6580.0)	(22.0, 9470.0)	(23.0, 13471.0)	(24.0, 20060.0)	(25.0, 30905.0)	(26.0, 48880.0)	(27.0, 74184.0)	(28.0, 109412.0)	(29.0, 155344.0)	(30.0, 210761.0)	(31.0, 274429.0)	(32.0, 359569.0)	(33.0, 487582.0)	(34.0, 766911.0)	(35.0, 1792157.0)	(36.0, 11064547.0)	(37.0, 1417944.0)	(38.0, 218079.0)	(39.0, 1148966.0)	(40.0, 453525.0)		
7C14_R2_001	(11.0, 4.0)	(12.0, 63.0)	(13.0, 365.0)	(14.0, 931.0)	(15.0, 1439.0)	(16.0, 2765.0)	(17.0, 5690.0)	(18.0, 10355.0)	(19.0, 15451.0)	(20.0, 21943.0)	(21.0, 31249.0)	(22.0, 41701.0)	(23.0, 53396.0)	(24.0, 63525.0)	(25.0, 75439.0)	(26.0, 91684.0)	(27.0, 113891.0)	(28.0, 142728.0)	(29.0, 181379.0)	(30.0, 233733.0)	(31.0, 314358.0)	(32.0, 453590.0)	(33.0, 723095.0)	(34.0, 1367339.0)	(35.0, 3582267.0)	(36.0, 9162079.0)	(37.0, 389512.0)	(38.0, 296700.0)	(39.0, 1068836.0)	(40.0, 231651.0)
89C14_R1_001	(13.0, 6.0)	(14.0, 59.0)	(15.0, 305.0)	(16.0, 743.0)	(17.0, 1169.0)	(18.0, 1638.0)	(19.0, 2188.0)	(20.0, 2976.0)	(21.0, 4063.0)	(22.0, 5866.0)	(23.0, 9098.0)	(24.0, 15144.0)	(25.0, 26863.0)	(26.0, 46810.0)	(27.0, 78267.0)	(28.0, 124417.0)	(29.0, 182923.0)	(30.0, 254867.0)	(31.0, 338602.0)	(32.0, 444336.0)	(33.0, 607286.0)	(34.0, 973019.0)	(35.0, 2328658.0)	(36.0, 14708665.0)	(37.0, 1718900.0)					
89C14_R2_001	(11.0, 3.0)	(12.0, 60.0)	(13.0, 447.0)	(14.0, 969.0)	(15.0, 1326.0)	(16.0, 1939.0)	(17.0, 3028.0)	(18.0, 4978.0)	(19.0, 8959.0)	(20.0, 16109.0)	(21.0, 26164.0)	(22.0, 39582.0)	(23.0, 54679.0)	(24.0, 69552.0)	(25.0, 88499.0)	(26.0, 111963.0)	(27.0, 141516.0)	(28.0, 180343.0)	(29.0, 232614.0)	(30.0, 302741.0)	(31.0, 411361.0)	(32.0, 597408.0)	(33.0, 957797.0)	(34.0, 1818666.0)	(35.0, 4756359.0)	(36.0, 11744241.0)	(37.0, 305565.0)			
89C9_R1_001	(13.0, 12.0)	(14.0, 124.0)	(15.0, 534.0)	(16.0, 1173.0)	(17.0, 1852.0)	(18.0, 2588.0)	(19.0, 3567.0)	(20.0, 5300.0)	(21.0, 7676.0)	(22.0, 11200.0)	(23.0, 16006.0)	(24.0, 23313.0)	(25.0, 35281.0)	(26.0, 53347.0)	(27.0, 77954.0)	(28.0, 111793.0)	(29.0, 156148.0)	(30.0, 210228.0)	(31.0, 273183.0)	(32.0, 357617.0)	(33.0, 486709.0)	(34.0, 768454.0)	(35.0, 1800175.0)	(36.0, 10669921.0)	(37.0, 1358508.0)	(38.0, 321188.0)	(39.0, 1544370.0)	(40.0, 550011.0)		
89C9_R2_001	(11.0, 1.0)	(12.0, 83.0)	(13.0, 353.0)	(14.0, 768.0)	(15.0, 1277.0)	(16.0, 2797.0)	(17.0, 6449.0)	(18.0, 12015.0)	(19.0, 16829.0)	(20.0, 23345.0)	(21.0, 31988.0)	(22.0, 42553.0)	(23.0, 52830.0)	(24.0, 63906.0)	(25.0, 75577.0)	(26.0, 91257.0)	(27.0, 112359.0)	(28.0, 139274.0)	(29.0, 175316.0)	(30.0, 225090.0)	(31.0, 301539.0)	(32.0, 434089.0)	(33.0, 685475.0)	(34.0, 1285425.0)	(35.0, 3349550.0)	(36.0, 9117276.0)	(37.0, 479876.0)	(38.0, 414107.0)	(39.0, 1412244.0)	(40.0, 294584.0)
89M9_R1_001	(13.0, 7.0)	(14.0, 74.0)	(15.0, 266.0)	(16.0, 752.0)	(17.0, 1192.0)	(18.0, 1599.0)	(19.0, 2410.0)	(20.0, 3791.0)	(21.0, 5730.0)	(22.0, 8618.0)	(23.0, 12081.0)	(24.0, 17400.0)	(25.0, 26642.0)	(26.0, 41666.0)	(27.0, 64375.0)	(28.0, 96403.0)	(29.0, 139126.0)	(30.0, 190591.0)	(31.0, 250248.0)	(32.0, 331068.0)	(33.0, 452181.0)	(34.0, 720694.0)	(35.0, 1671102.0)	(36.0, 10336920.0)	(37.0, 1441538.0)	(38.0, 379788.0)	(39.0, 1913356.0)	(40.0, 592311.0)		
89M9_R2_001	(11.0, 2.0)	(12.0, 38.0)	(13.0, 242.0)	(14.0, 587.0)	(15.0, 1072.0)	(16.0, 2437.0)	(17.0, 6653.0)	(18.0, 13164.0)	(19.0, 18579.0)	(20.0, 25288.0)	(21.0, 33651.0)	(22.0, 41271.0)	(23.0, 49741.0)	(24.0, 58617.0)	(25.0, 68888.0)	(26.0, 84205.0)	(27.0, 103157.0)	(28.0, 129765.0)	(29.0, 163682.0)	(30.0, 211458.0)	(31.0, 283150.0)	(32.0, 406478.0)	(33.0, 638685.0)	(34.0, 1195327.0)	(35.0, 3109670.0)	(36.0, 9082157.0)	(37.0, 593163.0)	(38.0, 546756.0)	(39.0, 1595172.0)	(40.0, 238874.0)
