Sample	1	2	3	4	5	6	7	8	9	12	17	22	27	32	37	42	47	52	57	62	67	72	77	82	87	92	97	102	107	112	117	122	127	132	137	142	147	150
101112C14_R1_001	1.7109671224550007e-05	0.22577922147916188	0.0	0.0	0.0	5.132901367365002e-05	0.0017166703461965174	0.0	0.0	0.0023166494838040706	1.14067481683386e-06	7.186561130685617e-05	2.281467340777906e-05	6.73112813285385e-05	0.0029904157745116932	0.0	0.0	1.8289596278652424e-05	0.0	0.02232634853101873	0.0	0.002340324756659779	0.0	7.340768269896192e-05	0.00012627309974080266	0.0	0.0	6.109359658879177e-05	0.0	5.4469575792450337e-05	1.1635052522488695e-06	0.0	0.0	1.1838914005999984e-05	1.4323361707316068e-05	0.0	3.665286568170072e-06	0.0
101112C14_R2_001	0.004237495239946884	0.001842141268509884	0.0	0.007106216781929769	0.002412463642661551	0.007585287576217169	0.0005817288216347002	0.0018136251498023007	0.005851507558796102	0.0007551068233768069	6.615914616831035e-05	0.000427771608107091	0.0	0.00011180519063583611	0.0	1.1419325168355968e-06	0.00013253136926109465	0.0	1.7155233614596056e-05	8.124485704320878e-05	0.0	0.0	2.292432632883981e-06	0.0	2.869830097219168e-05	3.447328916477633e-06	1.0356126953965267e-05	0.0	0.0	0.0	0.0	0.0	0.0	2.0126108776929738e-05	8.116577446979502e-05	2.415058381681695e-06	0.0	0.0
101112C4_R1_001	2.2214221400147935e-05	0.2239082446027911	0.0	0.0	0.0	6.108910885040682e-05	0.0017216021585114648	0.0	0.0	0.002485771374676554	1.1107172014262764e-06	6.997608683859101e-05	2.6657861278887794e-05	5.221177986624897e-05	0.0030463878287103592	0.0	0.0	2.1148920210711814e-05	0.0	0.02244520296295398	0.0	0.002430513932338307	0.0	8.376383009241954e-05	0.0001587212095933245	0.0	0.0	7.294654575885192e-05	0.0	6.88225841332398e-05	0.0	0.0	0.0	8.07629654268744e-06	1.2804782041307156e-05	0.0	2.3871082500239516e-06	0.0
101112C4_R2_001	0.00403188118412685	0.0018271197101621677	0.0	0.0073251395066987815	0.002704581455468011	0.008169279919904404	0.0008052655257553627	0.0018215661548121307	0.006208874881341348	0.0007741656157951555	6.664302468342119e-05	0.0004487358151304409	1.110744713454966e-06	0.00011553237976017566	0.0	2.2239359378351197e-06	0.0001190409438545057	0.0	1.670484726557687e-05	8.802417210619838e-05	0.0	2.2308274905451676e-06	2.2321650542306175e-06	0.0	2.5707842817912208e-05	6.713096080135929e-06	7.842198124217909e-06	2.2444575141699336e-06	0.0	5.641062276109059e-06	0.0	0.0	0.0	2.7689695063079665e-05	7.449924228450343e-05	1.1784673278182635e-06	0.0	0.0
101112C9_R1_001	3.977535108992133e-05	0.2079455354981087	0.0	0.0	0.0	6.250412314130494e-05	0.0016421537807124664	0.0	0.0	0.002029679344188557	0.0	5.114025436367006e-05	2.500213938760896e-05	4.660102892798652e-05	0.0026803120820292395	0.0	0.0	2.6196548420230813e-05	0.0	0.01972458419085124	0.0	0.0021288787828977404	0.0	8.229255162114613e-05	0.0001018045066132665	0.0	0.0	5.282229523437252e-05	2.301750939638032e-06	5.30927643241739e-05	0.0	0.0	1.5222502756034125e-05	8.253788235290788e-06	9.512951508906911e-06	0.0	0.0	0.0
101112C9_R2_001	0.007403897495738213	0.004682127042585025	0.0	0.00635269178836172	0.002312652556228283	0.0074266262677895965	0.0006193590384002036	0.0017501154479565384	0.0055685491525889865	0.0007182291968237223	6.704994232000301e-05	0.00040457375172093005	0.0	8.638108632467721e-05	0.0	3.4132481677854495e-06	0.00011042057272327948	0.0	1.1395626217352016e-05	9.463601364377671e-05	0.0	0.0	4.568615818254341e-06	0.0	2.7452146076666822e-05	3.43485532956103e-06	0.0017046860765563168	0.0	3.4525649795746258e-06	1.1541693478982426e-05	0.0	0.0	0.0	3.1835572616068605e-05	7.491317473865439e-05	2.4048650708968048e-06	0.0	0.0
101112H14_R1_001	2.266429560360827e-05	0.20189921131084335	0.0	0.0	0.0	6.232681290992274e-05	0.0014731792142345375	0.0	0.0	0.0019468629923499502	0.0	4.64621598061907e-05	2.3797879577199167e-05	3.853431469957056e-05	0.0025284513707029676	0.0	0.0	1.475998990462106e-05	0.0	0.018820837750593386	0.0	0.002047706487394666	0.0	6.493102246482376e-05	0.00012542794732842635	0.0	0.0	5.6196535017987706e-05	8.057115000572112e-06	6.939141703345332e-05	0.0	0.0	2.72429680450882e-05	2.3955437520194433e-06	1.2138663399391656e-05	0.0	6.283601085534816e-06	0.0
101112H14_R2_001	0.008793746694200008	0.005314777319046139	0.0	0.006051366926163408	0.002272095634261729	0.0068786137156951095	0.0005156127249820882	0.001427850623027321	0.00509946651081186	0.0006312006325604904	5.892722332668585e-05	0.00038529454470406587	2.266448026958402e-06	7.140093311499457e-05	0.0	0.0	0.00010440553333438872	0.0	1.4766583031769418e-05	6.932266573424271e-05	2.2739827696232378e-06	0.0	0.0	0.0	2.8505524125428e-05	7.992165941935156e-06	0.002420411222604957	0.0	0.0	1.387789708040502e-05	0.0	1.173004167718998e-06	0.0	3.832776534707205e-05	7.282994971456123e-05	3.703178858107518e-06	1.2549896978523198e-06	0.0
101112H4_R1_001	3.873864964483023e-05	0.21008523111672073	0.0	0.0	0.0	6.0875020870447496e-05	0.001671296027534104	0.0	0.0	0.002102955266433641	0.0	5.9769198583261905e-05	2.6564484311635404e-05	4.8707943748657e-05	0.0027244916012839444	0.0	0.0	1.4419491514378811e-05	0.0	0.019881493860249365	0.0	0.00218893504341373	0.0	6.124434546269428e-05	0.00012709306814673456	0.0	0.0	3.1424361013115116e-05	4.506781596507776e-06	5.8878110219188256e-05	0.0	0.0	1.73891734936272e-05	7.029164754343343e-06	9.48945993822836e-06	0.0	4.898029215495273e-06	0.0
101112H4_R2_001	0.007299468411647296	0.004526887915638732	0.0	0.006480422676299455	0.0026176258974292426	0.007349275246904935	0.0007138979720261571	0.0015772164498252304	0.0054510814143082535	0.0006829070523102929	7.969104402052474e-05	0.0003796408926988847	0.0	0.00011069664319956869	0.0	2.2160423694891208e-06	0.00010974986055670494	1.109154094978063e-06	9.987586317992187e-06	6.551043051522932e-05	1.1109564412865632e-06	2.2233045268659003e-06	3.3374420211228484e-06	0.0	2.341088762124011e-05	2.2331536333214214e-06	0.0017512397210620895	1.1222672707786495e-06	1.1266712802353364e-06	9.057921171312396e-06	0.0	0.0	0.0	5.271763447398714e-05	6.28666862573495e-05	4.817980259072675e-06	1.2226163285203329e-06	0.0
101112H9_R1_001	4.8780567122873366e-05	0.21288381498723302	0.0	0.0	0.0	4.3360504109220775e-05	0.001615178778068474	0.0	0.0	0.0022655863397067853	2.1680305638542347e-06	7.262960492833713e-05	2.1680688489341987e-05	5.962964827744691e-05	0.0029048532037640085	0.0	0.0	2.3902409504119524e-05	0.0	0.020777382113589992	0.0	0.0022843250875512777	0.0	7.84870658765926e-05	0.00012872320975468847	0.0	0.0	6.457459781763908e-05	0.0	6.922459226715155e-05	0.0	0.0	4.43874578532765e-06	3.3438429574409488e-06	6.723602355533402e-06	0.0	2.2789990781904528e-06	0.0
101112H9_R2_001	0.005848247991731152	0.003414639698601136	0.0	0.007111122673912207	0.0025311694273757626	0.007544727715004415	0.0006612476876656167	0.0017506803534097887	0.0058374078657038465	0.0007230364060212564	6.612487341964805e-05	0.00046938023001907717	1.084025705067934e-06	9.106963465063427e-05	0.0	1.0852746880700779e-06	0.0001053283185760758	0.0	2.5001817523430398e-05	9.462406841924871e-05	1.0882108148153677e-06	1.0887904472313463e-06	3.268217619673659e-06	0.0	2.3998669426499107e-05	6.5507092147167e-06	0.0010765732566131161	0.0	0.0	2.1975697142457247e-06	0.0	0.0	0.0	4.0124552406438264e-05	8.852405126757253e-05	0.0	1.137876171194608e-06	0.0
101112L14_R1_001	3.8119244402515694e-05	0.22421194996925412	0.0	0.0	0.0	2.178242537286611e-05	0.0018569517630368359	0.0	0.0	0.0023819082145229093	0.0	6.42587280315882e-05	2.5050214243591027e-05	5.2284973715744614e-05	0.0030720421119325076	0.0	0.0	1.7461318541268356e-05	0.0	0.022762413115545787	0.0	0.0024461681710546243	0.0	8.429864680856217e-05	0.00012819112073355298	0.0	0.0	5.941545883291007e-05	0.0	6.530282057934935e-05	0.0	0.0	0.0	1.1354268318119258e-05	1.2614444837479965e-05	0.0	1.1779598482255278e-06	0.0
101112L14_R2_001	0.004258464160395325	0.0018896254010961353	0.0	0.007378796595058396	0.0027990416604132956	0.008555047565193164	0.0007678304943935305	0.0018515061566936196	0.006278784113728657	0.0007689196156621739	5.7723558632121995e-05	0.00045525732134913093	1.0891416120984028e-06	0.00010130222374720195	0.0	2.1805728447724984e-06	0.00011235387832716377	0.0	2.4020681195073436e-05	8.739168769811355e-05	0.0	1.0934930667181455e-06	3.2822603412754262e-06	0.0	2.1912673569465618e-05	8.773837460778615e-06	4.3929707372358175e-06	0.0	0.0	0.0	0.0	0.0	0.0	2.6113768105016042e-05	8.027030175544385e-05	6.968100905069206e-06	0.0	0.0
101112L4_R1_001	3.917974626524666e-05	0.2215278824903139	0.0	0.0	0.0	5.037395948388857e-05	0.0016399522365310388	0.0	0.0	0.0025276533447693415	0.0	6.716946443905259e-05	3.470471554352673e-05	4.7025547882902e-05	0.0032138124438773016	0.0	0.0	8.97470793804279e-06	0.0	0.022282859219078487	0.0	0.002582071281826628	0.0	5.965165661035404e-05	0.0001441791514266206	0.0	0.0	4.1851175207580984e-05	0.0	4.2092721802079975e-05	0.0	0.0	0.0	3.501066185520587e-06	1.2970552788923546e-05	0.0	2.426218071561569e-06	0.0
101112L4_R2_001	0.003973945692617875	0.0017630885819360997	0.0	0.007774381080346802	0.002983257822768067	0.00805983351742217	0.0006772498997278351	0.0017351030488894949	0.005893753259614962	0.0007488928643271433	6.156963247810203e-05	0.00045227513817705154	1.1195070532806655e-06	8.73329804334488e-05	0.0	1.120740739694716e-06	0.00011325036439706358	0.0	1.90804857990454e-05	7.972967462914948e-05	1.123506104828827e-06	1.1240953238679937e-06	1.124741958887937e-06	0.0	2.7033021173275918e-05	3.382545918737356e-06	5.645268532214149e-06	0.0	0.0	1.137614029311035e-06	0.0	0.0	0.0	2.2173430819561045e-05	5.777819425243512e-05	3.5865053861420586e-06	0.0	0.0
101112L9_R1_001	2.173338408078516e-05	0.21199286166999867	0.0	0.0	0.0	4.890011418176661e-05	0.0015430702697357464	0.0	0.0	0.0022168051762400864	1.0866706919122437e-06	6.628719313281197e-05	2.4993709463667054e-05	5.108040434943775e-05	0.0028227125367167377	0.0	0.0	1.3067722437001737e-05	0.0	0.02119350777952822	0.0	0.002273093787151252	0.0	6.118970175571174e-05	0.0001378002245837438	0.0	0.0	4.506651179614847e-05	4.410356213224934e-06	4.6493643156639413e-05	0.0	1.1197859685891076e-06	1.3540768885479624e-05	3.414742929501585e-06	1.1499806090269705e-05	0.0	1.181579892601241e-06	0.0
101112L9_R2_001	0.006509148532195156	0.0035425416051679814	0.0	0.00665041552872026	0.0023798055568459756	0.0070035830200330185	0.0006302681383427698	0.001608270421978102	0.005531146248559824	0.0006943816213810859	7.063354815349778e-05	0.00041402233895020016	1.0866765135496716e-06	8.368405010805295e-05	0.0	1.0878571018760118e-06	9.795659602004309e-05	0.0	1.4163584652487844e-05	7.957488003296536e-05	0.0	1.091234493066798e-06	2.1837642890248724e-06	0.0	2.0778848095028016e-05	3.284750702531531e-06	0.0011383913523406012	0.0	0.0	9.962755787251372e-06	0.0	0.0	0.0	3.18700198541118e-05	6.0946875253705744e-05	2.3302312363023183e-06	1.179977300304683e-06	0.0
101112M14_R1_001	2.8295844828756092e-05	0.221539487502263	0.0	0.0	0.0	6.225085862326341e-05	0.0016807731828281118	0.0	0.0	0.0024221243173415214	1.1318356378619891e-06	6.22512602343194e-05	2.4900675450063017e-05	5.7731154751235555e-05	0.0030124797068155087	0.0	0.0	1.361070945970508e-05	0.0	0.022347818458144493	0.0	0.0023765460207566917	0.0	6.485866205182494e-05	0.00013209164604945716	0.0	0.0	5.83082665904711e-05	0.0	5.2893021770744756e-05	0.0	0.0	0.0	5.884359923276891e-06	8.310263645725958e-06	0.0	2.431356987381415e-06	0.0
101112M14_R2_001	0.0038821899105053364	0.0015845673104103411	0.0	0.007209781262367053	0.0024108059794100195	0.007419170514099849	0.0007356919655476584	0.0016128631552390974	0.006021355779559296	0.0007390874669271091	7.130564599236803e-05	0.00047537332991728546	2.26369617964711e-06	7.58428569510669e-05	0.0	0.0	9.06922693966249e-05	0.0	2.04262845293148e-05	8.969549639253229e-05	0.0	0.0	1.1371748943487763e-06	0.0	3.7577775319406824e-05	7.97855592127103e-06	6.847659045012916e-06	0.0	0.0	1.1498434735327132e-06	0.0	0.0	0.0	3.648240638894023e-05	5.4609122090575854e-05	1.2010017122921612e-06	0.0	0.0
101112M4_R1_001	1.1436563299004774e-05	0.20353079875073846	0.0	0.0	0.0	4.002797154651671e-05	0.0015039080738191277	0.0	0.0	0.002051719455841456	0.0	4.6890774528318265e-05	1.829918373974791e-05	5.4904795199509046e-05	0.0026538269202692204	0.0	0.0	1.833841133494454e-05	0.0	0.01966160266042045	0.0	0.002081525998414801	0.0	5.867537915512286e-05	0.00012784147399238547	1.1532890043638726e-06	0.0	4.1694078593060185e-05	6.9712255693399916e-06	5.599243850114261e-05	0.0	0.0	1.545363313904669e-05	7.1929835035397035e-06	9.686926760973095e-06	0.0	4.971996287460092e-06	0.0
101112M4_R2_001	0.00853167622105756	0.005592479453213334	0.0	0.0065074045171337165	0.0022758760965019497	0.007245062849919524	0.0006118561364967553	0.001801258719593252	0.005541014918367813	0.0007056359555485945	9.034898852191582e-05	0.0003694030055154614	0.0	9.722339700493603e-05	0.0	3.43469617879746e-06	0.00011569513566560522	0.0	1.6053765988748237e-05	7.457654919070332e-05	2.29594174846801e-06	2.2973735483671913e-06	3.448453001568552e-06	0.0	2.994315924630074e-05	4.612890177279366e-06	0.0022205413989558696	0.0	1.161832523584474e-06	1.0498238098197042e-05	0.0	0.0	0.0	2.277729723008645e-05	5.933134446594391e-05	0.0	1.2411470224038953e-06	0.0
101112M9_R1_001	4.397953676134031e-05	0.20309750076386957	0.0	0.0	0.0	4.947697885650785e-05	0.001517294018266241	0.0	0.0	0.0021440024171153404	0.0	5.497611342847646e-05	1.429397526095521e-05	4.068754741336395e-05	0.0026028800152291583	0.0	0.0	9.91499248988894e-06	0.0	0.01912796148547899	0.0	0.0020265759538137707	0.0	5.424452804448742e-05	0.00012756144066116315	1.1123120249683794e-06	0.0	4.7146374743498465e-05	1.2433885779544559e-05	3.875881418183187e-05	0.0	1.1652630878562922e-06	2.8339351214243785e-05	8.382577684071735e-06	7.2974370136319045e-06	0.0	2.5218562026749253e-06	0.0
101112M9_R2_001	0.0088233945627439	0.005821791178782424	0.0	0.006547453535344539	0.0021879819538766806	0.007135679839527467	0.0005277544411360838	0.0015777658813130838	0.0050796364959348065	0.0006355043062013676	5.8272957967671444e-05	0.0003881211401943585	1.0994980659389221e-06	8.027199936063902e-05	0.0	1.1005561781707567e-06	0.00010240011895150161	1.1016156614759748e-06	1.7634782421613614e-05	6.72709457656452e-05	0.0	0.0	2.2108848782626538e-06	0.0	2.440158820620664e-05	1.1122495232147776e-06	0.0022053572135442255	0.0	1.1303159067933365e-06	1.7098843547074844e-05	0.0	0.0	0.0	2.993617105403606e-05	5.594306261025952e-05	2.4755006814620163e-06	1.2591630554709678e-06	0.0
123C14_R1_001	5.801348372594152e-06	0.18425662566196288	0.0	0.0	0.0	6.961618047112981e-05	0.001450337093148538	0.0	0.0	0.0018100206922493753	0.0	5.5693597680983566e-05	1.3923510245029066e-05	3.365234635937139e-05	0.0022161897642611434	0.0	0.0	1.3950355057461744e-05	0.0	0.016636789218141077	0.0	0.0017577559320593437	0.0	5.365391938965168e-05	0.00011324269403668642	0.0	0.0	4.223744759667339e-05	1.8827773413395303e-05	5.906285418147938e-05	1.187354564649859e-06	0.0	3.9751696448818334e-05	4.863993855024723e-06	8.610603902121495e-06	0.0	7.612627781287833e-06	0.0
123C14_R2_001	0.012066804614995836	0.007831820303002106	0.0	0.005250220277197707	0.0022335191234487484	0.00616103197169499	0.000574333488886821	0.0012995020354610901	0.004913742071587247	0.0005963786127026788	6.149434483501515e-05	0.000319075352580005	1.1602788020009981e-06	7.1945150873623e-05	0.0	0.0	9.760398824768968e-05	0.0	1.744585901543085e-05	4.654495409410812e-05	0.0	0.0	2.3310302327278437e-06	0.0	1.867867627723475e-05	4.675256726236333e-06	0.004310585834136524	0.0	2.353465113180432e-06	2.8349986154575513e-05	0.0	0.0	0.0	2.918361996856608e-05	6.150332554016496e-05	7.4886303869150654e-06	0.0	0.0
123C4_R1_001	3.320168680063068e-05	0.203504205629999	0.0	0.0	0.0	5.5336144667717794e-05	0.001505143134961924	0.0	0.0	0.0019666465814906905	1.106724914336725e-06	4.980285208981234e-05	1.6601078939535917e-05	4.427435124184353e-05	0.0025091612900282508	0.0	0.0	2.106741728765651e-05	0.0	0.01864068133860137	0.0	0.0019999945333482754	0.0	6.788821606473134e-05	0.00012592629235451443	0.0	0.0	4.946327123343289e-05	1.6957547773990616e-05	5.579919686507813e-05	0.0	0.0	2.9456491095414677e-05	2.3914972324757e-06	6.081134570412053e-06	2.4829496468488302e-06	2.5358999108707258e-06	0.0
123C4_R2_001	0.00926327061737596	0.006098043142382501	0.0	0.006352589407854003	0.0021415087986406786	0.007287770252738433	0.0005312269888100909	0.0017541557859666543	0.00497471940562783	0.0006286186034252742	7.85773854328993e-05	0.0003630064629095158	1.1067316142522816e-06	8.633393854531098e-05	0.0	2.2155473688126215e-06	9.53121051405121e-05	0.0	1.663973913148815e-05	6.770237613697679e-05	0.0	2.222158569724525e-06	3.335602655006289e-06	0.0	2.1172904232112533e-05	4.465962842831871e-06	0.0023859958101868787	1.1241422429340185e-06	1.1304831712205393e-06	1.366485532556478e-05	0.0	3.4875762362367894e-06	0.0	4.065382980539598e-05	6.445708822255042e-05	2.482481223101618e-06	1.266244957290254e-06	0.0
123C9_R1_001	1.097388210571898e-05	0.1873022197804115	0.0	0.0	0.0	2.7434705264297448e-05	0.0009327799789861132	0.0	0.0	0.0022112372443023743	2.1947851400272372e-06	5.487012044957153e-05	2.194825845123453e-05	5.487686712092347e-05	0.0027725148187348475	0.0	0.0	1.2096829578226332e-05	0.0	0.019495892519625635	0.0	0.002195530750270832	0.0	5.4084226071667624e-05	0.00012926457076870658	0.0	0.0	3.441774927326922e-05	4.453506984774584e-06	5.0279500952489286e-05	0.0	0.0	2.3869729111992198e-05	1.1460702523185975e-06	9.26234702987849e-06	0.0	2.381642745466778e-06	0.0
123C9_R2_001	0.007352501010831715	0.004762664833882037	0.0	0.006194756448678364	0.002567888412738241	0.004521239427556219	0.0006255112800259817	0.0008888844505632373	0.005777748928661042	0.0006759911377122891	3.84086147669711e-05	0.00039506092201556657	1.097395857681804e-06	2.963296087847725e-05	0.0	1.098543022163479e-06	8.353192682568038e-05	0.0	8.802172041577324e-06	7.596046392159787e-05	0.0	1.1021410909223966e-06	1.102871776642173e-06	0.0	2.099093752730203e-05	3.3184197649682743e-06	0.002124987981852381	0.0	0.0	1.564205315489207e-05	0.0	0.0	0.0	2.4066505794681694e-05	5.904400462835533e-05	2.3464686772712035e-06	2.3783516817021504e-06	0.0
123H14_R1_001	1.6790493759729043e-05	0.21857864776415264	0.0	0.0	0.0	7.275880629215918e-05	0.0015950969071742587	0.0	0.0	0.0024525314551710887	0.0	7.49982548913526e-05	1.2313238121256874e-05	6.045315754062628e-05	0.0030294623557719728	0.0	0.0	1.68213024705346e-05	0.0	0.022397377632324654	0.0	0.0023651280929780053	0.0	6.300831961852243e-05	0.00012840903603573192	0.0	0.0	5.219386353115586e-05	0.0	5.732789652378885e-05	0.0	0.0	0.0	7.132201209714043e-06	9.624247946227595e-06	0.0	3.7185321079629686e-06	0.0
123H14_R2_001	0.0037442801084195763	0.0018133733260507364	0.0	0.007052007379086198	0.0026305106890242166	0.007852354248299949	0.0006212482691099746	0.0017238240259988481	0.00590465697217138	0.0007454979229319695	6.604280764944961e-05	0.0004186471437697872	1.1193849454344055e-06	9.17991302928006e-05	0.0	3.361248615123555e-06	0.0001064864267692619	0.0	1.7950728660465468e-05	7.85708315934571e-05	0.0	2.247117689553141e-06	2.2484743342781834e-06	0.0	3.491745137162e-05	3.3845231936748952e-06	6.78506422809649e-06	0.0	0.0	0.0	0.0	0.0	0.0	3.3281162337938416e-05	6.736490065409394e-05	1.2207381288313553e-06	0.0	0.0
123H4_R1_001	2.873079913511101e-05	0.20036284700843715	0.0	0.0	0.0	5.171543844319981e-05	0.0014193014772744838	0.0	0.0	0.002015752867319388	1.149238608735418e-06	5.861196320966144e-05	1.9537590064698728e-05	4.252811237536461e-05	0.002626408259065047	0.0	0.0	1.151646973215513e-05	0.0	0.018508904911544406	0.0	0.0021541692028564977	0.0	4.395572312248363e-05	0.00012163933259023673	1.1608576267556694e-06	0.0	3.5058894326380566e-05	1.0571767713736828e-05	4.3744425910863876e-05	0.0	0.0	3.290365787039776e-05	1.2349937148699864e-06	1.0035171520022663e-05	0.0	5.215534574039468e-06	0.0
123H4_R2_001	0.009768471705937741	0.0061311525354326895	0.0	0.006200106453356956	0.0022754792915007918	0.007067776587237308	0.0006608083801075532	0.0015112400345068389	0.0050508744879525155	0.0006665545399345753	6.435706106539277e-05	0.00040912897762288594	0.0	7.35600113434135e-05	0.0	2.300861977674851e-06	0.00011740291357429407	0.0	1.036986341633975e-05	8.18540924976839e-05	0.0	0.0	1.1553961355373023e-06	0.0	2.0851649963259392e-05	5.8040587155759675e-06	0.00258674908097357	1.1686055156591036e-06	2.3492322086595564e-06	1.891607799240827e-05	0.0	0.0	0.0	3.334442673594667e-05	4.2649106607839335e-05	7.670178734979153e-06	1.3020481034380345e-06	0.0
123H9_R1_001	2.2042502353037125e-05	0.19521391146408504	0.0	0.0	0.0	4.959563029433354e-05	0.0014713370320652282	0.0	0.0	0.0019276168307730966	1.1021435932409458e-06	5.290439099722011e-05	1.983949036669848e-05	4.299076239851107e-05	0.002464663833417044	0.0	0.0	1.9875326713104926e-05	0.0	0.01824363577060291	0.0	0.0019991338119387273	0.0	5.7619483611750125e-05	0.0001253779715896845	1.1117369325357007e-06	0.0	4.817640541498315e-05	1.0152066793290012e-05	5.23658766462124e-05	0.0	0.0	2.7352084860342754e-05	1.4544402588481874e-05	1.1152752597857133e-05	0.0	3.91985398596167e-06	0.0
123H9_R2_001	0.00981993479827804	0.00636477255443947	0.0	0.006001071265614357	0.0022758883679510834	0.006414368184733805	0.0006006581891202617	0.0014768476576534875	0.005185498678551984	0.0006171900658850395	6.833187101292488e-05	0.00035378490387030434	1.1021421963141412e-06	0.00010030601380737633	0.0	2.206311431846036e-06	0.00012140015835215928	0.0	2.0987591208205256e-05	7.846399762353548e-05	0.0	0.0	3.3209613868830682e-06	0.0	2.3298192410851242e-05	8.893156813656616e-06	0.0030242381311867666	0.0	2.2558875082744546e-06	1.9351389462205424e-05	0.0	1.168715965311061e-06	0.0	2.1814616384396033e-05	5.327977930771972e-05	5.086095840991352e-06	1.3047462899310915e-06	0.0
123L14_R1_001	5.846330603213869e-06	0.19389940078619114	0.0	0.0	0.0	4.092431422249708e-05	0.0015317386180420333	0.0	0.0	0.0019398124941463614	2.3385433428663275e-06	4.794073720412614e-05	1.4031642007536956e-05	4.0930132345945736e-05	0.0023971270414859277	0.0	0.0	2.108735567125511e-05	0.0	0.017886127987277723	0.0	0.0019007487247637304	0.0	7.172539951958798e-05	0.00010711812286201495	0.0	0.0	6.038909546761722e-05	9.505613742189741e-06	5.967385517021681e-05	0.0	0.0	4.39027993485849e-05	3.695680290541573e-06	9.976083462208743e-06	0.0	0.0	0.0
123L14_R2_001	0.01032461984527569	0.006916209103602006	0.0	0.005483858105814608	0.00247884417576268	0.006682355879473452	0.0006489426969567393	0.0015434312792484614	0.005355238832543904	0.000655958293680596	5.963267395342084e-05	0.00034493588518849985	1.169280271160772e-06	8.068855449343042e-05	0.0	2.3407439727013074e-06	9.835666503695136e-05	0.0	1.2892558178665023e-05	9.733084807416846e-05	0.0	0.0	2.349539733976888e-06	0.0	3.648864796964804e-05	5.893661004540099e-06	0.003220628081526651	0.0	0.0	2.267493106641943e-05	0.0	0.0	0.0	3.3259437842822424e-05	6.858157137612701e-05	2.5334821838565754e-06	1.2864965730368612e-06	0.0
123L4_R1_001	2.2505032969310674e-05	0.20337235668541823	0.0	0.0	0.0	6.751509890793202e-05	0.0014853321759745045	0.0	0.0	0.002058085265043461	1.1252584986020184e-06	5.6263786596948784e-05	2.47565973546833e-05	4.389269501079839e-05	0.0027113965118672075	0.0	0.0	1.2405048516426681e-05	0.0	0.01961436979393374	0.0	0.0021225886974208896	0.0	5.319855942375864e-05	0.00010876802626095225	1.1343998741632907e-06	0.0	4.0992065837630225e-05	7.993502789578314e-06	3.896674093536476e-05	0.0	0.0	2.5673923272710085e-05	4.708900314852379e-06	2.142429396626062e-05	0.0	9.822378491898527e-06	0.0
123L4_R2_001	0.007944276638166669	0.004939854736763693	0.0	0.006110116451167848	0.0021604831650538247	0.006655863500673632	0.0005682520824750945	0.001412190818824245	0.0052155413906377485	0.0006065106385229227	7.426679014308206e-05	0.00041522124101729614	3.3758132924988955e-06	7.202658095953699e-05	0.0	3.3795806413565363e-06	8.566011567406767e-05	1.127689296518999e-06	1.353925578592198e-05	7.563638307809554e-05	2.2590289575321194e-06	0.0	0.0	2.2636455781143683e-06	2.265871646324445e-05	1.1343387514607874e-06	0.0020156118568742426	0.0	1.1418824972079546e-06	1.37523880018987e-05	0.0	0.0	0.0	2.9429646505330125e-05	5.4751001491036405e-05	3.626516216209028e-06	2.452381976542378e-06	0.0
123L9_R1_001	1.1527388152058238e-05	0.19689931702530677	0.0	0.0	0.0	3.4582164456174714e-05	0.0013890502723230176	0.0	0.0	0.00193775394836099	3.458231673810182e-06	5.302675018564262e-05	3.22774432534593e-05	3.5739436725264125e-05	0.0024761853136953116	0.0	0.0	1.3857139039830986e-05	0.0	0.017956330149598326	0.0	0.0019541291721265237	0.0	5.909720125736132e-05	0.00013922499963076368	0.0	0.0	4.4429428856418305e-05	1.0572303082132946e-05	4.489999984285e-05	0.0	0.0	2.7877023009803875e-05	1.1026045037522611e-05	9.921475120952393e-06	0.0	1.2788051990029975e-06	0.0
123L9_R2_001	0.00961384171881657	0.00634582717770806	0.0	0.006109515720590866	0.0023227687126397348	0.007054761549059642	0.0006974069831995234	0.0016599438938963863	0.0051585061980460615	0.0006605193411129371	6.80116543848762e-05	0.0003585031270233525	2.3054939216978413e-06	9.914614418339546e-05	0.0	1.1537704398798261e-06	0.00010619072292451097	0.0	1.1552328553769186e-05	6.81896899407864e-05	0.0	1.1569380039151939e-06	3.473143328775875e-06	0.0	2.436354473983296e-05	1.0459986385514164e-05	0.00286160047566884	1.1691680471423523e-06	1.1746757251863526e-06	1.5360089956248673e-05	0.0	1.2001518288075588e-06	0.0	3.675184723972189e-05	5.5805143024303174e-05	3.775400517139261e-06	1.2768490878400797e-06	0.0
123M4_R1_001	2.2352752361456524e-05	0.20281769855167575	0.0	0.0	0.0	7.26464451747337e-05	0.0013635178940488478	0.0	0.0	0.001993865510641922	1.117643963607188e-06	5.476546377194158e-05	2.1235998603163074e-05	4.694861500915029e-05	0.0026202151466149606	0.0	0.0	2.2399967457327276e-05	0.0	0.019248092824805007	0.0	0.0020724204287664977	0.0	5.848568328958754e-05	0.00014191018999634524	0.0	0.0	5.10848387713674e-05	1.2545730041391559e-05	4.474133981750834e-05	0.0	1.1661155507397575e-06	3.417863541585959e-05	5.961527710152526e-06	1.3294217234253403e-05	0.0	2.5009327854056368e-06	0.0
123M4_R2_001	0.008611397847251127	0.005515541645189397	0.0	0.006320240730201832	0.0024588027597602174	0.007197586260389001	0.0005699951852171413	0.0017379264961032447	0.005521129833279761	0.0006705825708436957	6.370541970169904e-05	0.00037888124861377244	1.1176507339221193e-06	7.824439168512051e-05	0.0	1.118800214760414e-06	9.514598859083183e-05	0.0	1.6808054715641498e-05	5.493737492427472e-05	0.0	0.0	3.370556145022133e-06	0.0	1.4640634312464044e-05	2.2566092361120482e-06	0.0021572757166581358	0.0	1.140488277017942e-06	2.0649061727857734e-05	0.0	0.0	0.0	3.576706470203585e-05	5.0757009373804496e-05	6.144980893902506e-06	2.497457712921132e-06	0.0
123M9_R1_001	5.699383292531448e-06	0.22598624693216446	0.0	0.0	0.0	5.129444963278304e-05	0.0017383119042220917	0.0	0.0	0.0024427556791789787	0.0	6.953315066480703e-05	1.4818666823820529e-05	6.384144630242941e-05	0.003093131838756817	0.0	0.0	1.9416915953216836e-05	0.0	0.0223451541695023	0.0	0.0024352648134194628	0.0	5.728702337440022e-05	0.00014561869243174248	0.0	0.0	5.2937813903974116e-05	0.0	6.12927858194491e-05	0.0	0.0	0.0	4.7251611214971465e-06	1.5490836508865447e-05	0.0	2.4422276100205525e-06	0.0
123M9_R2_001	0.004166249186840489	0.001664219921419183	0.0	0.007460492729923666	0.0026502132310271234	0.008423688506361481	0.0007409198280290883	0.0017497106708071546	0.0058532666414297975	0.0007488989646386323	6.383331407315065e-05	0.00044113728520603823	3.419700101192346e-06	9.120233023777804e-05	0.0	1.1410748621675705e-06	0.0001324284829966794	0.0	1.942622585055873e-05	7.774183742146788e-05	0.0	0.0	1.1450175226611563e-06	0.0	2.1785174672670583e-05	4.5905400652180325e-06	1.149009081928645e-06	0.0	0.0	1.15643745887347e-06	0.0	0.0	0.0	2.244376820189601e-05	6.43445075474737e-05	0.0	0.0	0.0
131415C14_R1_001	2.7602675604633847e-05	0.21261788964737363	0.0	0.0	0.0	5.520535120926769e-05	0.001650640001157104	0.0	0.0	0.0021508004831130695	1.1041088771479913e-06	4.306045539986833e-05	1.8770072453252553e-05	5.4108233317484776e-05	0.002782797424620961	0.0	0.0	1.3274906927968165e-05	0.0	0.02069517105920842	0.0	0.0022522795130305675	0.0	5.54944493841287e-05	0.00013553438056749823	0.0	0.0	4.1324707042729695e-05	3.361597571008202e-06	4.9512924482459976e-05	0.0	1.1393986966942432e-06	1.4937930943507986e-05	1.1602968958414705e-05	7.04258845737593e-06	0.0	1.209902602719491e-06	0.0
131415C14_R2_001	0.006619121609991198	0.0036435531798116676	0.0	0.007055243884544411	0.0025008024097798267	0.007866762547320647	0.0005906972579391643	0.0017389685630919325	0.005382521742903601	0.0006933792111884023	8.280811915721784e-05	0.0003952717723089732	1.1041153138033736e-06	0.0001004857370103192	0.0	5.526055811815342e-06	0.00011388907323684402	0.0	2.8775187253424316e-05	7.529381501281827e-05	0.0	1.108382028250441e-06	1.1090502369923906e-06	0.0	1.666363370018175e-05	4.44922429554097e-06	0.0012256572082588483	1.1168541239302435e-06	1.1205006325114021e-06	4.501032120422954e-06	0.0	0.0	0.0	3.5968172947227915e-05	5.985987226443171e-05	4.764532458276126e-06	0.0	0.0
131415C4_R1_001	2.1942123699161196e-05	0.21023297269258823	0.0	0.0	0.0	4.9369778323112694e-05	0.0016182316228131382	0.0	0.0	0.0020845017514203134	0.0	6.14391569564639e-05	1.7554382847199992e-05	4.3891533530569446e-05	0.002781773298803191	0.0	0.0	1.978942012084673e-05	0.0	0.020226650971219878	0.0	0.002196150244489484	0.0	6.181623653347086e-05	0.000131529898525457	0.0	0.0	4.5647337134754506e-05	5.590955060249865e-06	5.6218640680042265e-05	0.0	0.0	2.1929114092529342e-05	9.340869048301821e-06	1.1839323427181992e-05	0.0	1.2269855546499857e-06	0.0
131415C4_R2_001	0.007421923341241274	0.004679157878846125	0.0	0.006758174099341649	0.0022819808647127644	0.007432894403090855	0.0006143794635765135	0.0018266817979551695	0.005293537342422639	0.0006824000470439131	5.924383928252288e-05	0.0004289712620741559	0.0	9.984975683895946e-05	0.0	1.0982748408627214e-06	0.00010109107376147558	0.0	1.539912338950193e-05	8.474209266855986e-05	0.0	1.1018823080828995e-06	3.3081980124125795e-06	0.0	1.8789004038221166e-05	4.4285896016051865e-06	0.0016158214847526156	0.0	3.354440516667924e-06	1.2367725906548405e-05	0.0	0.0	0.0	3.502731295592937e-05	7.103620127946617e-05	7.2325740380221474e-06	0.0	0.0
131415C9_R1_001	2.256320362292848e-05	0.20096481386851825	0.0	0.0	0.0	2.82040045286606e-05	0.001404559425527298	0.0	0.0	0.0021333509025478876	1.1281630193757936e-06	6.0921233290349266e-05	1.805090114949718e-05	5.754439061737132e-05	0.002676496728352447	0.0	0.0	7.913967217159589e-06	0.0	0.018966642667603346	0.0	0.0021209019955999667	1.133636467724803e-06	7.033303315119157e-05	0.00012148167359829365	0.0	0.0	4.218620979320708e-05	1.0287387896762404e-05	6.307202962247824e-05	0.0	0.0	2.5642679862855953e-05	5.873449275770226e-06	9.487121469782806e-06	0.0	2.4341312224807015e-06	0.0
131415C9_R2_001	0.008004296485233878	0.004608534339983142	0.0	0.006108987380907886	0.00236913638040749	0.006351541819854367	0.0006543329050649259	0.0012973842083183877	0.0051951776341792825	0.0006757679485067079	5.866441942830644e-05	0.00037567925601698557	1.128170210469291e-06	6.205676239535311e-05	0.0	3.3881711468698446e-06	7.796729455047256e-05	1.1305451188968863e-06	1.131117769222204e-05	6.790236676302276e-05	0.0	1.1329307403524518e-06	0.0	0.0	2.83827401151431e-05	5.68248186987112e-06	0.0020963255680555765	0.0	1.1430165250814e-06	1.4907541592270388e-05	0.0	0.0	0.0	2.2318393353836186e-05	7.233689240330763e-05	2.4007702823435493e-06	1.215293023797552e-06	0.0
131415H14_R1_001	1.0843857613426343e-05	0.20526880269335396	0.0	0.0	0.0	4.337543045370537e-05	0.001388013774518572	0.0	0.0	0.002132986792560962	0.0	6.397929413162938e-05	2.2772464979771383e-05	4.880346855144072e-05	0.0027156920509371824	0.0	0.0	1.0865361739619169e-05	0.0	0.02016349188740029	0.0	0.0021286457222735567	0.0	5.779306936352536e-05	0.00013863661845681964	1.0932394520513322e-06	0.0	5.053483709628364e-05	5.514065581759559e-06	5.430505242570972e-05	0.0	0.0	1.1345489511015528e-05	3.439212785287286e-06	1.27643530886027e-05	0.0	4.787328210317669e-06	0.0
131415H14_R2_001	0.00697260044543314	0.004212838682816134	0.0	0.00635992249027455	0.0025103530375081987	0.00729791617383593	0.0006126779551585885	0.0015615154963333935	0.005622540172561559	0.0006788254866004892	6.614758810820782e-05	0.0003817050876874724	0.0	8.350708319551501e-05	0.0	2.1709195342161884e-06	9.882482728135159e-05	0.0	1.4131690813432407e-05	7.613268081680274e-05	1.088174934654279e-06	1.0888033689492529e-06	3.2685631233081778e-06	0.0	1.9648986145063225e-05	6.559350804433863e-06	0.0014241224231723473	0.0	1.1028006747993219e-06	7.757730681136622e-06	0.0	0.0	0.0	3.439124706995173e-05	6.149847200084222e-05	3.5333476645914613e-06	2.3903571272429884e-06	0.0
131415H4_R1_001	2.0426505433450444e-05	0.22487539831685596	0.0	0.0	0.0	5.6172889941988724e-05	0.001710719830051475	0.0	0.0	0.0024338181223956205	1.0213309253346019e-06	7.55794132300333e-05	2.1448506064059516e-05	5.822486007851081e-05	0.0031139035887212557	0.0	0.0	1.842168225451425e-05	0.0	0.022299477724268227	0.0	0.002476456106199872	0.0	6.673895076861658e-05	0.0001510718284162759	0.0	0.0	4.856860669109234e-05	0.0	6.770967694723526e-05	2.0960092989033344e-06	0.0	0.0	1.1832717049572672e-05	7.620843276356425e-06	0.0	2.24638455917921e-06	0.0
131415H4_R2_001	0.003906569164147397	0.0019864776534030556	0.0	0.007450567856851049	0.002558419805539668	0.008665944930141351	0.0006945011847373152	0.0019149848843859792	0.006133058256393495	0.0007649726284827191	6.94505227837036e-05	0.00045245515906377733	0.0	9.193357264118984e-05	0.0	2.0448750487792163e-06	0.00010229304174088027	0.0	2.6621559369512598e-05	9.322131764193869e-05	0.0	0.0	4.1041288911528176e-06	0.0	3.391379569429217e-05	8.231821850451195e-06	8.246590709931057e-06	0.0	0.0	2.0833666020937606e-06	0.0	0.0	0.0	3.33468631955802e-05	8.056344856588297e-05	3.3159397189128743e-06	0.0	0.0
131415H9_R1_001	2.2357037643326776e-05	0.20890974899865625	0.0	0.0	0.0	3.3535556464990165e-05	0.0015873496726762013	0.0	0.0	0.0022088753191606856	2.235708387835712e-06	5.924657891808637e-05	1.6768037277090742e-05	4.919223609223405e-05	0.0027593657257292924	0.0	0.0	2.1283384977653678e-05	0.0	0.019744999205277516	0.0	0.0021483529047459835	0.0	6.630621111857162e-05	0.00011134988600752251	0.0	0.0	5.649032162052836e-05	9.062985312242785e-06	5.457175192854866e-05	0.0	0.0	2.6612213911613502e-05	9.332375069507238e-06	1.413755289963036e-05	0.0	3.6299462434000925e-06	0.0
131415H9_R2_001	0.007143073527042906	0.004236658633410424	0.0	0.006505897954208093	0.002302774877262658	0.00765169613342859	0.0005589259410831694	0.0017047241203036667	0.005209189770895139	0.0006785360924749677	6.259976138312385e-05	0.00036553880358165873	2.2357207839165914e-06	9.95012260675235e-05	0.0	1.1190395185336947e-06	0.00010412266411159352	2.2403177415769068e-06	2.0172829370778858e-05	7.624705791476474e-05	0.0	0.0	3.3691835426075484e-06	0.0	2.6993315476580312e-05	4.503722642024218e-06	0.0015977654286408868	0.0	2.2657090586911202e-06	1.8190211724287232e-05	0.0	1.1487739589302051e-06	0.0	3.849511894723455e-05	6.833065879673409e-05	5.9664646501289e-06	0.0	0.0
131415L14_R1_001	1.6342813835956935e-05	0.2104790993932894	0.0	0.0	0.0	3.268562767191387e-05	0.0014817484544600956	0.0	0.0	0.002211727472466172	0.0	6.646166113317045e-05	2.1790835112509622e-05	5.775293612113367e-05	0.0028007098082307447	0.0	0.0	1.8561660832773062e-05	0.0	0.02053585498636987	0.0	0.002230824322628356	0.0	7.229320045317322e-05	0.00015236639536130923	1.097167923229317e-06	0.0	4.840951261445728e-05	3.307765299894737e-06	6.081227486259273e-05	0.0	0.0	1.569861934119017e-05	6.772778267129821e-06	1.25165737927409e-05	0.0	3.490279043504851e-06	0.0
131415L14_R2_001	0.006586153975890644	0.003851456460673851	0.0	0.006776820137310143	0.0024241840523336125	0.007675674898287774	0.0006537125534382774	0.0016615194066556217	0.0055783471226733	0.0007212628506268995	6.755035753859484e-05	0.000405303125553887	2.1790551636421942e-06	8.281419006327353e-05	0.0	0.0	0.00010585432240847612	0.0	1.7478278159761905e-05	6.66698143562625e-05	0.0	1.0940496499424038e-06	1.0946471197573834e-06	0.0	2.4114846209705748e-05	2.1942785962967226e-06	0.0013126480793355273	1.100192119948754e-06	1.1025637551151653e-06	5.528255249805325e-06	0.0	1.1148580623474784e-06	0.0	3.273364431574679e-05	6.599283206338662e-05	2.2994456818272644e-06	2.323357078120117e-06	0.0
131415L4_R1_001	3.8620947483290786e-05	0.22087871593515188	0.0	0.0	0.0	4.413822569518947e-05	0.0016772525764171997	0.0	0.0	0.002372429631116434	0.0	8.055494544686675e-05	2.0967058334626945e-05	5.518698072017442e-05	0.003206292541844354	0.0	0.0	1.4386028696165558e-05	0.0	0.022391539395231655	0.0	0.0025336885733329897	0.0	7.554244222694543e-05	0.00014121204477364715	0.0	0.0	5.470877658514381e-05	0.0	5.722605517103387e-05	0.0	0.0	0.0	5.731405783621183e-06	1.0420708430094918e-05	0.0	4.7941629723446074e-06	0.0
131415L4_R2_001	0.0037958874097862943	0.001743459914959984	0.0	0.007580740263148791	0.0022124285629713724	0.008038674354736382	0.0006951770546992341	0.0017655290278075786	0.005550381881170075	0.000662073385427842	6.0690600104129614e-05	0.00046015567209840895	0.0	9.492049630307293e-05	0.0	0.0	0.00011280500108364687	0.0	1.9931120925022812e-05	7.534304380334877e-05	0.0	1.1093114012707362e-06	4.440338266301228e-06	1.110903668366105e-06	2.5573408067578555e-05	2.2261611174981526e-06	4.458351976210769e-06	0.0	0.0	0.0	0.0	0.0	0.0	3.095195630464181e-05	8.56930417805921e-05	1.1816776158945092e-06	0.0	0.0
131415L9_R1_001	2.190827421841958e-05	0.21232951665636793	0.0	0.0	0.0	4.929361699144406e-05	0.0015719186751716047	0.0	0.0	0.0023167999985978702	0.0	6.572568085725743e-05	2.190878612102937e-05	6.354373390364638e-05	0.0028893405584385023	0.0	0.0	2.4151543116739956e-05	0.0	0.020817455073974717	0.0	0.0022981487240401055	0.0	7.380175579444021e-05	0.00012236801556715182	0.0	0.0	5.7566548202828825e-05	2.219574196220325e-06	6.791474824203231e-05	0.0	0.0	2.262675747116299e-06	1.3680242236049273e-05	1.4958384451215017e-05	0.0	2.360562460659751e-06	0.0
131415L9_R2_001	0.00597548179307394	0.003472461463619503	0.0	0.007076372572549524	0.00261803876910114	0.007695281319219876	0.0007010647749894265	0.0017417078003643565	0.005668765954016066	0.0007131143258095572	5.3675331807756256e-05	0.00045131227808197546	0.0	0.00011393808917563941	0.0	3.2898957792819447e-06	0.00011740030133256034	0.0	1.8671820469875045e-05	7.912245461415122e-05	1.0994944271740136e-06	1.100087609877163e-06	1.1007450767305178e-06	1.1014856199179794e-06	2.755951681596833e-05	4.4140805727287194e-06	0.001095085149555812	1.1070208413057283e-06	1.1097624907402806e-06	3.339997928087952e-06	0.0	1.1239114889132088e-06	0.0	4.103984665871694e-05	6.903666229921564e-05	2.329219500789332e-06	1.178590553728714e-06	0.0
131415M14_R1_001	1.0824273281293474e-05	0.21071612796694006	0.0	0.0	0.0	4.870922976582064e-05	0.0015586953525062604	0.0	0.0	0.00228933379899357	0.0	6.603091524152648e-05	1.623729081538836e-05	4.6552421826953905e-05	0.002774915191248303	0.0	0.0	1.6271129784052497e-05	0.0	0.020469590940997987	0.0	0.002214210483305081	0.0	6.312111311340472e-05	0.00011217691157162674	1.0900720424252552e-06	0.0	5.4645824618007385e-05	2.1902038031728237e-06	5.819146482947941e-05	1.1017768939911149e-06	0.0	1.3353503057840922e-05	6.721769793589909e-06	9.037981949681374e-06	1.1432238760111515e-06	2.3153085061181508e-06	0.0
131415M14_R2_001	0.006608218838229667	0.0034529431767326185	0.0	0.006705637297761307	0.002310982345556157	0.007798888899171948	0.0005520379373459672	0.0017264715883663093	0.005477082280334498	0.0006743522254245834	7.144029799783261e-05	0.00040266508868135715	0.0	9.310018204225014e-05	0.0	2.1671562272584042e-06	9.865585623981379e-05	0.0	2.0619386846719494e-05	8.469233311253609e-05	0.0	0.0	3.262630782962764e-06	0.0	1.8513377527016136e-05	1.0900063476519657e-05	0.001182946662735588	0.0	0.0	5.4896529429332235e-06	0.0	0.0	0.0	2.576599156183941e-05	5.987453077431698e-05	5.7150139050288816e-06	0.0	0.0
131415M4_R1_001	1.6560206618385935e-05	0.20392790436767722	0.0	0.0	0.0	3.312041323677187e-05	0.0016560206618385935	0.0	0.0	0.0021439947501936995	1.10401698013444e-06	4.968109484414676e-05	2.3184757165944743e-05	4.9688373293864125e-05	0.0026403524647380925	0.0	0.0	1.2172418232029507e-05	0.0	0.01954879246656939	0.0	0.002089572404831761	0.0	6.663478266354863e-05	0.00013338092216435134	1.1126244534427081e-06	0.0	5.468066613728343e-05	1.3420858656023806e-05	6.280409448153767e-05	0.0	1.130266682467795e-06	3.181117612962054e-05	5.714068122571607e-06	1.381359854153264e-05	0.0	3.526565494439823e-06	0.0
131415M4_R2_001	0.007954419245698044	0.004730699023985582	0.0	0.00619351727527634	0.002594432370213797	0.007087768432669181	0.0006072075760074843	0.001468338320163553	0.005409667495339406	0.0006590962234117603	7.286497749824614e-05	0.0004117987245743406	1.1040247199083767e-06	7.618758810777116e-05	0.0	0.0	0.00011612429781157789	0.0	1.4393319692747355e-05	7.200761951395411e-05	0.0	0.0	2.219573875997246e-06	0.0	2.1118127491647278e-05	6.675593418532449e-06	0.001874937209656281	0.0	2.2367797064671753e-06	1.5700809325132338e-05	0.0	0.0	0.0	4.685428769072038e-05	7.482239523155264e-05	4.652065724198469e-06	3.5217303322337002e-06	0.0
131415M9_R1_001	2.7648198352156318e-05	0.20961758062670835	0.0	0.0	0.0	4.423711736345011e-05	0.0014874730713460098	0.0	0.0	0.002218491435777023	0.0	7.188588096489963e-05	1.4377287177552287e-05	5.087954867451199e-05	0.0027830013612915603	0.0	0.0	7.757124777817938e-06	0.0	0.020191245773795996	0.0	0.0022397586701674416	0.0	6.67125715871758e-05	0.00014800511198528594	0.0	0.0	4.470425014817503e-05	5.601860095403934e-06	5.282385422756161e-05	1.1285771720618824e-06	0.0	2.5119144957093588e-05	1.1505736259599509e-06	6.970019414059742e-06	0.0	2.385991879849275e-06	0.0
131415M9_R2_001	0.007199590850901505	0.004573012007446655	0.0	0.006679804721880967	0.0018800774879466297	0.007719376979922044	0.0006248492827587328	0.0017031290184928293	0.004749960476900456	0.0006093662916815253	5.6402354579329846e-05	0.00042910097804388717	1.1059331321862153e-06	0.00010175752050015855	0.0	2.2141261714706325e-06	0.00010743728633617356	0.0	1.663046510066964e-05	7.653948440718211e-05	0.0	0.0	2.2221632361336543e-06	0.0	2.0030323015777005e-05	2.227969814974793e-06	0.00154168474595088	0.0	1.1203547473346284e-06	1.123892137374235e-05	0.0	0.0	0.0	3.451650147644335e-05	6.040451650145683e-05	4.704392388852938e-06	1.1912250881628665e-06	0.0
13M14_R1_001	3.9436553064980735e-05	0.22649539183877435	0.0	0.0	0.0	5.0704139654975234e-05	0.0018253490275791082	0.0	0.0	0.0023414044934008563	0.0	6.084570116107119e-05	1.5775035197765588e-05	6.76152035444701e-05	0.0031476882355050734	0.0	0.0	2.5967091250436024e-05	0.0	0.02233312069722102	0.0	0.002536658189981691	0.0	6.0049982659717744e-05	0.00014515813419404546	0.0	0.0	5.0140405670980163e-05	0.0	6.309935133981549e-05	1.1532996849692712e-06	0.0	0.0	4.732084405337763e-06	8.388040231581328e-06	0.0	1.2414859514194628e-06	0.0
13M14_R2_001	0.0038140780607131366	0.0020901373124439793	0.0	0.007740831987326218	0.0026309814687637146	0.008591534774870804	0.0007323931283496422	0.002039433172789004	0.006005623652467066	0.000726759335054645	6.873250201484822e-05	0.00044394890932288316	0.0	0.00011494581623260759	0.0	0.0	0.00014105476283029608	0.0	2.2591317408947136e-05	8.702188298605895e-05	0.0	0.0	3.3964216003945376e-06	0.0	2.835072257033003e-05	4.541435014216451e-06	7.959902287878327e-06	0.0	0.0	2.2944828551709456e-06	0.0	0.0	0.0	3.785565730144125e-05	7.069646333273409e-05	4.877750523888698e-06	0.0	0.0
456C4_R1_001	2.1794461122958517e-05	0.19417775137499893	0.0	0.0	0.0	4.903753752665667e-05	0.0013022190520967716	0.0	0.0	0.0020715635297372074	0.0	5.6666249152648866e-05	3.0512933195518034e-05	4.0325504420018597e-05	0.0024783973542186885	0.0	0.0	1.0919456451296768e-05	0.0	0.01823740114202748	0.0	0.001977287477596578	0.0	5.808061644355399e-05	0.00012067513746159761	0.0	0.0	4.638910518729601e-05	1.3310609313218148e-05	5.130667219291576e-05	0.0	1.1331397636000766e-06	3.3207889576209505e-05	2.3172176139264964e-06	7.047384380905488e-06	0.0	3.6455161797547157e-06	0.0
456C4_R2_001	0.01000365765543796	0.006434814646553503	0.0	0.006080654653305427	0.0023320073401565614	0.006745385717555661	0.0006047962961620989	0.0014111913577115642	0.004990931597157501	0.0006462057722957201	5.557592189094045e-05	0.00035960981550414565	0.0	9.045790313697981e-05	0.0	1.0908563331300705e-06	7.748805636206191e-05	0.0	1.2016991895445704e-05	6.558063316461805e-05	1.093572325253868e-06	0.0	0.0	0.0	1.7552255092891032e-05	2.1973782245399286e-06	0.0031051762164379174	0.0	3.3276033851709236e-06	2.3422282574380555e-05	0.0	0.0	0.0	2.896519332661874e-05	4.58074593618537e-05	7.161090216309681e-06	1.2131934251176436e-06	0.0
456H4_R1_001	3.559791654887218e-05	0.1915939198521215	0.0	0.0	0.0	4.153090264035086e-05	0.0014713805506867165	0.0	0.0	0.001868890618815789	0.0	4.390480403755223e-05	2.0172798291549102e-05	4.1537580722650894e-05	0.002491063961083074	0.0	0.0	1.9026815716240157e-05	0.0	0.0176113141539051	0.0	0.0019544171292934878	0.0	6.682651967950909e-05	0.00014452987739542445	0.0	0.0	3.8437312329071824e-05	8.43847115878231e-06	5.934395092696099e-05	0.0	1.227382244916738e-06	2.4767101631046147e-05	7.505283062563777e-06	1.266585237057386e-05	1.2888785543742223e-06	3.931793912820255e-06	0.0
456H4_R2_001	0.010335261771355887	0.006805135046926063	0.0	0.005885522202746866	0.002201137839938596	0.006894129838298244	0.0005517677065075187	0.0015781743003333328	0.004983708316842104	0.0006146573590771928	6.644953016978354e-05	0.0003725939714627667	2.373231073654247e-06	6.764538060376707e-05	0.0	2.3758417755901027e-06	0.00010577943661063859	1.1891435852113061e-06	1.3087303138704116e-05	5.9520053383297795e-05	0.0	0.0	1.1924100666739664e-06	0.0	1.5527305997837595e-05	4.7837761294187485e-06	0.003252830043008883	0.0	1.205451703547361e-06	1.2110569939528412e-05	0.0	2.454670429627342e-06	0.0	2.876964751152681e-05	6.459480149650197e-05	3.86634793009844e-06	2.6181869555406586e-06	0.0
456H9_R1_001	3.262333917493059e-05	0.22259836414460135	0.0	0.0	0.0	5.5925724299881e-05	0.0018036046086711624	0.0	0.0	0.0023647260424799685	0.0	6.897665443185491e-05	2.3303548291477054e-05	5.407322964083004e-05	0.0031464395210341065	0.0	0.0	1.4016221720929456e-05	0.0	0.022476056190364975	0.0	0.002533000525468852	0.0	6.187712760635954e-05	0.00017545028494674365	0.0	0.0	5.461550346567385e-05	0.0	6.149931856862739e-05	0.0	0.0	0.0	8.680787143684794e-06	1.556268133988889e-05	0.0	1.000479349666012e-06	0.0
456H9_R2_001	0.004017331195541452	0.0019061351032209444	0.0	0.007605898504783816	0.0024747133002697343	0.008048643822157874	0.0006571272605236018	0.001733697453296311	0.005858219620412535	0.0007615219458833797	6.338285205646316e-05	0.0004819042349837382	9.321402373294294e-07	0.00011840119601989253	0.0	1.8667313601086825e-06	0.00011673654562982686	0.0	1.4023445667926714e-05	8.137912967864401e-05	0.0	1.872788465068848e-06	2.81074848208339e-06	0.0	2.8146259221418176e-05	1.8781116083599403e-06	6.5811216126591005e-06	9.416267321200196e-07	0.0	0.0	0.0	0.0	0.0	3.472325842748432e-05	7.976266133761302e-05	1.977181643232698e-06	0.0	0.0
456L14_R1_001	1.1183588218492421e-05	0.188890805010337	0.0	0.0	0.0	2.7958970546231055e-05	0.0012581536745803973	0.0	0.0	0.0018218065207924155	0.0	5.033362693870031e-05	1.9015170112564104e-05	5.2577101298667827e-05	0.0023512199020771186	0.0	0.0	1.1205387765581136e-05	0.0	0.01709857812603263	0.0	0.0018711542711550306	0.0	5.51550585416917e-05	0.00011727194646093619	0.0	0.0	4.899618663818841e-05	1.1465401837167835e-05	4.622129048317726e-05	0.0	0.0	2.874228606442835e-05	4.86534601471176e-06	1.3619343003141153e-05	0.0	5.171455736346775e-06	0.0
456L14_R2_001	0.011720400452980059	0.007582472812137862	0.0	0.005737180756086612	0.0021192899674043137	0.006397012460977665	0.000452935322848943	0.0014538664684040146	0.00445665990506923	0.0005222735698035961	5.25629569181815e-05	0.0003332728968657272	2.2367436841264304e-06	7.829401195540615e-05	0.0	2.2387668084373214e-06	0.00010414706676729587	0.0	1.905495472481109e-05	7.401734903858865e-05	0.0	0.0	2.2479962738112965e-06	0.0	2.1420987110653828e-05	5.6511557172906276e-06	0.0036544149739279265	0.0	3.4395064253247556e-06	1.733234843996558e-05	0.0	0.0	0.0	3.40559888484151e-05	5.8189855720357476e-05	3.793999150422417e-06	2.582186076666757e-06	0.0
456L4_R1_001	3.4795013874511784e-05	0.22590082841128867	0.0	0.0	0.0	6.379085876993827e-05	0.0019021274251399775	0.0	0.0	0.00232314709302157	0.0	7.771040646381707e-05	2.2037698894002126e-05	6.496275169223617e-05	0.0030606128788500785	0.0	0.0	2.0924996929256698e-05	0.0	0.02250425585642187	0.0	0.002407083882422644	0.0	7.118374851215756e-05	0.0001401960007852378	0.0	0.0	4.234430941353872e-05	0.0	5.81629291069506e-05	0.0	0.0	0.0	6.141854306150481e-06	8.712031984507916e-06	0.0	1.2907311012023405e-06	0.0
456L4_R2_001	0.004036221609443367	0.0020297091426798542	0.0	0.00732435042058473	0.0025806301956929575	0.008762544327397884	0.0006437077566784679	0.0019659182839099156	0.006025336569269624	0.0007944861501346858	7.65493838864846e-05	0.00041754766808268286	1.159876077448034e-06	9.74435544290462e-05	0.0	0.0	0.00012315936728013704	0.0	2.4424622196454632e-05	9.658860003621957e-05	0.0	0.0	4.663705881896172e-06	0.0	2.453359675718189e-05	8.190731527337877e-06	1.0554310016673465e-05	0.0	0.0	0.0	0.0	0.0	0.0	2.5795806781054282e-05	6.720937155528635e-05	1.2690466613101898e-06	0.0	0.0
456L9_R1_001	3.437575322288442e-05	0.222325183969005	0.0	0.0	0.0	5.156362983432663e-05	0.0016042018170679395	0.0	0.0	0.0024051568671611466	3.4376419710325263e-06	6.073381621988465e-05	2.2918732432290243e-05	4.698909683334287e-05	0.0031415756093206284	0.0	0.0	1.6074349100233715e-05	0.0	0.022148121857656192	0.0	0.0024808935810457246	0.0	8.875116654475676e-05	0.00014425390311824775	0.0	0.0	4.881577293412956e-05	0.0	5.6327735134878926e-05	0.0	0.0	0.0	3.64763580369995e-06	1.2311619449123236e-05	0.0	2.5426826469016147e-06	0.0
456L9_R2_001	0.0041136318023385025	0.0020911916543921356	0.0	0.007906423241263416	0.002629745121550658	0.008599667597924918	0.0006244928502157336	0.0019135835960738996	0.005929817430947563	0.0007138698085952332	7.21905409513391e-05	0.00042628355295607135	2.2918767362685183e-06	9.168598796052955e-05	0.0	1.1470653257029477e-06	0.00013082702267958737	0.0	2.182574116885712e-05	8.620055734292093e-05	0.0	0.0	0.0	0.0	1.7310031891656557e-05	6.935659837234166e-06	6.9519339463386476e-06	0.0	0.0	0.0	0.0	0.0	0.0	4.255453823055337e-05	8.002429291304246e-05	1.250985432499816e-06	0.0	0.0
456M14_R1_001	1.6887894329517946e-05	0.22239105112731197	0.0	0.0	0.0	3.377578865903589e-05	0.0016887894329517946	0.0	0.0	0.002464506712487652	0.0	6.867801608036075e-05	2.7021068090355705e-05	5.4048504343889556e-05	0.0032184614100731696	0.0	0.0	1.6923602683000274e-05	0.0	0.022551862762066725	0.0	0.002551761815725623	0.0	7.584481272874285e-05	0.00012009292654701952	0.0	0.0	5.9170791676858934e-05	0.0	6.86813485564474e-05	0.0	0.0	0.0	5.865363811390358e-06	1.065674045760825e-05	1.1984605486621903e-06	1.2141746979567419e-06	0.0
456M14_R2_001	0.003895474292008806	0.0019758836365535997	0.0	0.007306828946571431	0.002809019756809818	0.00789790524810456	0.0007486966486086289	0.001790116798928902	0.006321701777349551	0.0007892275949994721	6.304830422184842e-05	0.00044809590315147876	2.2517548629320223e-06	9.796291632944527e-05	0.0	1.1270776309545019e-06	0.00010712718516058895	0.0	1.5803236342512978e-05	8.583378538185808e-05	0.0	1.1305848829902307e-06	2.2624712847144545e-06	0.0	2.3791546086484968e-05	5.670625848488658e-06	7.950099000311394e-06	0.0	0.0	0.0	0.0	0.0	0.0	3.0499277870943947e-05	8.288313582045258e-05	2.396873068157758e-06	0.0	0.0
456M4_R1_001	1.0997162786986771e-05	0.2137243601836944	0.0	0.0	0.0	3.84900697544537e-05	0.001671568743621989	0.0	0.0	0.002264315817840576	0.0	5.8286158844145435e-05	2.4194707746406385e-05	4.509595462229465e-05	0.0027983500892660475	0.0	0.0	1.4327501940853009e-05	0.0	0.020342842543850062	0.0	0.0022268262689902523	0.0	8.406982649525404e-05	0.00013176094764067963	0.0	0.0	6.120463587503723e-05	2.232287980775536e-06	7.170901530334252e-05	0.0	1.133147493367263e-06	1.2561629925840477e-05	9.217578202768815e-06	1.7468793688725148e-05	0.0	3.5947406787026177e-06	0.0
456M4_R2_001	0.006818240927931799	0.004184420440448466	0.0	0.007010691276704067	0.00246886304567853	0.007835478485728074	0.0006543311858257129	0.001671568743621989	0.005828496277102989	0.0007060178509245507	9.347606872426556e-05	0.0004332912919810462	1.0997299931923416e-06	9.788767525647147e-05	0.0	3.302753432876413e-06	0.00012336723736717836	0.0	1.9847696495641087e-05	8.826108874532217e-05	0.0	0.0	2.2105139159698333e-06	0.0	1.7714860498241523e-05	6.651139212666962e-06	0.0012358117321103926	0.0	0.0	1.0083750590529644e-05	0.0	0.0	0.0	4.032527844345531e-05	8.617652494863385e-05	4.722553466713749e-06	0.0	0.0
456M9_R1_001	1.8144814856055066e-05	0.18243401683439633	0.0	0.0	0.0	7.862753104290529e-05	0.00132457148449202	0.0	0.0	0.0017152898310590723	0.0	4.1129146524120784e-05	1.8145550175803163e-05	3.2666460843765975e-05	0.002224813830411133	0.0	0.0	1.3335814926433342e-05	0.0	0.015369005041222988	0.0	0.001759594031520235	1.2161554873276113e-06	5.234724753607288e-05	0.00012800547873201772	1.2215762567695632e-06	0.0	3.4446619365717177e-05	1.7324755121083144e-05	5.7348207895930655e-05	0.0	1.272512657683406e-06	4.770623952098604e-05	3.923689317414472e-06	1.0641236381844486e-05	1.3583553251060469e-06	5.547230549308681e-06	0.0
456M9_R2_001	0.012816287559993563	0.008685318044431692	0.0	0.005364816925773615	0.0018810124734110418	0.006320443841525848	0.0004536203714013766	0.00139715074391624	0.004336610750597161	0.000528618939473071	6.411184046864449e-05	0.00031814171176184307	3.6290199954888864e-06	9.920561226957591e-05	0.0	0.0	9.208599397234163e-05	1.2122945041101452e-06	1.9407010544823436e-05	4.247733703603021e-05	1.2143365004403125e-06	0.0	1.216093149232883e-06	0.0	2.072345154888113e-05	3.6645011866937417e-06	0.004017069027358922	0.0	3.712285315755976e-06	2.4932542823792732e-05	0.0	1.2724285250176497e-06	0.0	4.70809860573714e-05	7.182370440810804e-05	6.790091333790135e-06	1.3848938356311885e-06	0.0
45C14_R1_001	1.1012209236380376e-05	0.22484178208379632	0.0	0.0	0.0	4.40488369455215e-05	0.001993209871784848	0.0	0.0	0.002391851846141817	0.0	7.159321379161096e-05	1.652188465711042e-05	4.7369744796381206e-05	0.003124730306015255	0.0	0.0	1.8768039605067897e-05	0.0	0.022696098195239118	0.0	0.0025026014276312222	0.0	5.9820548325116045e-05	0.00012306351930200854	0.0	0.0	4.452775438864712e-05	0.0	5.819452819233918e-05	1.1236246441087484e-06	0.0	0.0	6.869989187324017e-06	1.040803137359971e-05	0.0	0.0	0.0
45C14_R2_001	0.0039478770112423645	0.001877581674802854	0.0	0.007224009259065526	0.00264293021673129	0.008154540939539667	0.0005891531941463501	0.0017344229547299093	0.00586950752299074	0.000765348541928436	7.268594386002009e-05	0.00042515234772650995	0.0	0.00011787280306163481	0.0	1.102809978573174e-06	0.0001368231791794756	0.0	2.0986848911455226e-05	8.067741175590353e-05	0.0	0.0	3.32107836964499e-06	0.0	1.8847067664564945e-05	4.439106468239791e-06	8.88995360899946e-06	1.1131657057913058e-06	0.0	1.1190934304694495e-06	0.0	1.1291456370348929e-06	0.0	2.8625930379951057e-05	6.592199408804618e-05	5.880548512161244e-06	0.0	0.0
45C9_R1_001	2.3728994945368142e-05	0.1800734103916625	0.0	0.0	0.0	1.1864497472684071e-05	0.0012339077371591434	0.0	0.0	0.0017891662188807582	0.0	5.576454075231112e-05	1.4238007130821112e-05	4.746608702346956e-05	0.0022473716525514987	0.0	0.0	1.0701723547060585e-05	0.0	0.01622978306372498	0.0	0.001767416371798332	0.0	4.77446302062013e-05	0.00011112569287317595	0.0	0.0	4.8079804397893365e-05	3.0158722824894704e-05	4.605434880974777e-05	0.0	0.0	5.331970597381338e-05	5.012316891605665e-06	2.4116591177716847e-05	1.2912821282292221e-06	1.0507700430346811e-05	0.0
45C9_R2_001	0.012890776504071244	0.008293283733406164	0.0	0.0053627528576531995	0.0018923873468931094	0.006228861173159138	0.0004983088938527309	0.0012991624732589058	0.004223761100275529	0.0005611907304579565	5.457678809337604e-05	0.00032983542469953357	1.1864705247381833e-06	8.068975501166441e-05	0.0	0.0	8.913018423636908e-05	0.0	1.6655307746783358e-05	6.0707258126452125e-05	0.0	0.0	3.577710648000319e-06	1.1935549797554574e-06	1.9117324910813498e-05	4.785998446680274e-06	0.0044896380293176835	0.0	8.444107661262884e-06	3.514512598061264e-05	0.0	1.2284409835822302e-06	0.0	3.0072154375404488e-05	5.457654055834669e-05	1.2910913214067912e-05	1.3118858881773134e-06	0.0
45H14_R1_001	1.6864422634123878e-05	0.19025317320976284	0.0	0.0	0.0	3.3728845268247756e-05	0.0012423458007137923	0.0	0.0	0.001817984759958554	0.0	5.171848204591209e-05	1.574077993653205e-05	5.2852576699743646e-05	0.002412376689604611	0.0	0.0	1.0144529677906111e-05	0.0	0.017299320964977112	0.0	0.0019331861490590693	0.0	5.204891516313097e-05	0.00012571390918737521	0.0	0.0	4.210530963544848e-05	3.4236573651183705e-06	4.352028084599257e-05	0.0	0.0	2.9128541047503115e-05	4.698540358500038e-06	5.934657873798433e-06	0.0	4.902316803056066e-06	0.0
45H14_R2_001	0.010821337856896153	0.0070774360321206545	0.0	0.005705796324545245	0.0018607079639650012	0.00636913028148745	0.0004497179369099701	0.0014334759239005297	0.004514043791733825	0.0005778875489293115	5.284201739984198e-05	0.0003294232220997785	0.0	9.108467066807997e-05	0.0	0.0	9.011631109511346e-05	0.0	1.3533287353237702e-05	6.544845722978301e-05	1.1290970117781416e-06	0.0	2.261173728476156e-06	0.0	1.812016842696553e-05	5.669195203316615e-06	0.0034851265496122926	0.0	1.1411892849355871e-06	2.2904604600845635e-05	0.0	0.0	0.0	5.0509590079672184e-05	6.409744482895525e-05	1.208061875286288e-06	4.8979050068466584e-06	0.0
67C9_R1_001	2.4201296705477483e-05	0.2258900631895857	0.0	0.0	0.0	4.8402593410954965e-05	0.0019409439957792938	0.0	0.0	0.0024840210938502083	0.0	7.163692562892525e-05	2.6138197996617487e-05	7.648918439059847e-05	0.003052341604200704	0.0	0.0	1.4552394397130245e-05	0.0	0.022214104695928102	0.0	0.0024459538260886192	0.0	8.1764724147722e-05	0.0001402879363130179	0.0	0.0	5.5798437561519004e-05	0.0	7.096168647465228e-05	0.0	0.0	0.0	8.09674722289161e-06	9.200947873471304e-06	0.0	4.202818214463572e-06	0.0
67C9_R2_001	0.004138421736636649	0.0019699855518258667	0.0	0.0074346383479226815	0.002696024452990191	0.008363968141413018	0.0007066778637999423	0.001824777771593002	0.006181011178578948	0.0007463679903969254	7.550832787156429e-05	0.00046370389692979524	0.0	9.972614426213623e-05	0.0	2.9074966564273034e-06	0.0001124803307294072	0.0	2.1354206099149522e-05	8.060452852556391e-05	0.0	0.0	0.0	0.0	2.5329090892458732e-05	7.802323225615402e-06	5.8608521751346485e-06	0.0	0.0	2.9566208433471206e-06	0.0	0.0	0.0	2.8337865570104622e-05	8.791742721630556e-05	1.0363182497695694e-06	0.0	0.0
6C14_R1_001	2.1650861988474706e-05	0.21543148950082044	0.0	0.0	0.0	5.9539870468305435e-05	0.0015317984856845854	0.0	0.0	0.002202975207327301	0.0	6.170576293286755e-05	2.056882278305006e-05	6.496224010245324e-05	0.0029084294474484495	0.0	0.0	1.3019017790618002e-05	0.0	0.021339865988812864	0.0	0.0023472043871652646	0.0	5.878169707766793e-05	0.00011112656593537362	0.0	0.0	4.817613211419543e-05	4.393483067483307e-06	5.8451803835349297e-05	0.0	0.0	5.6241653738585195e-06	6.809638353045383e-06	1.0324748087331813e-05	1.1633924150537394e-06	3.5423310210098486e-06	0.0
6C14_R2_001	0.0063112262696403765	0.0036644083915493442	0.0	0.0067442435094098715	0.002462785551188998	0.007983755358250048	0.0005899859891859356	0.0017591325365635697	0.005607573255014949	0.0006928275836311906	4.871449326431738e-05	0.0004189462022088338	1.0825536466225544e-06	9.419345017724067e-05	0.0	1.0837382902077743e-06	0.00011060021522368156	0.0	2.6050621850595146e-05	7.167766761390876e-05	0.0	0.0	1.0877758652623377e-06	0.0	1.5252007392953024e-05	4.3626515624689335e-06	0.001059639990699638	0.0	1.0983375913685074e-06	5.514096899004242e-06	0.0	1.1159059855456252e-06	0.0	3.177733169717905e-05	6.883016548997292e-05	2.3264068640169243e-06	0.0	0.0
789C4_R1_001	1.1471788606139255e-05	0.17204814962057347	0.0	0.0	0.0	2.8679471515348136e-05	0.0009406866657034189	0.0	0.0	0.0013582597709668877	1.1472006279868015e-06	4.933201356047566e-05	9.178620615324171e-06	3.9018586607014745e-05	0.0020419718469964964	0.0	0.0	1.0359518932026604e-05	0.0	0.014349784470756868	0.0	0.001623318760244311	2.3141825929869808e-06	3.130054059163656e-05	0.0001231916769285721	0.0	0.0	3.653259393248767e-05	2.137631752933092e-05	3.595514020976589e-05	0.0	0.0	6.231206059404231e-05	6.340596583942721e-06	7.781691593975507e-06	0.0	6.9817050284362055e-06	0.0
789C4_R2_001	0.01474698425319201	0.010255779013888492	0.0	0.004812415320275417	0.0008890636169757921	0.005431891905006937	0.0003441536581841776	0.001279104429584527	0.0029941368262023454	0.00039807106463303217	3.7857219866266734e-05	0.0003017195248107923	2.2945464539247326e-06	7.688447226739218e-05	0.0	0.0	7.590973155167519e-05	0.0	1.8430541480669386e-05	3.9198800950183544e-05	1.1539546522131846e-06	0.0	2.3139905360332466e-06	0.0	1.2782845440012734e-05	4.664001757116022e-06	0.004775429651918265	0.0	8.311864480036772e-06	3.475174747664266e-05	0.0	1.2275059383361656e-06	0.0	3.931312663142342e-05	4.280619792236876e-05	4.075452935650636e-06	2.793704297965996e-06	0.0
789H14_R1_001	2.8619402867606928e-05	0.2232771334119222	0.0	0.0	0.0	2.2895522294085545e-05	0.0016084104411595093	0.0	0.0	0.0024761507361053515	1.1447784867365508e-06	6.639751556065844e-05	2.7475017081447077e-05	5.3811007156005264e-05	0.003107395019442523	0.0	0.0	1.4909456818439813e-05	0.0	0.022361434784687533	0.0	0.002443232537771157	0.0	5.986572394422651e-05	0.00012913488608118132	0.0	0.0	4.889807148101711e-05	0.0	6.01291843693077e-05	0.0	0.0	0.0	9.813465283879078e-06	1.2422164425755823e-05	0.0	1.2808134579476025e-06	0.0
789H14_R2_001	0.0038521716259798926	0.001969014917291357	0.0	0.007395253700989631	0.002758910436437308	0.008265283548164882	0.0007612761162783443	0.0018144701418062793	0.006124552213667882	0.0008116462653253325	8.585839731701438e-05	0.00045104565662722987	0.0	8.815848982171308e-05	0.0	1.1458574035004157e-06	0.00013756320785799562	0.0	1.7211149015160842e-05	0.00010905727687033259	0.0	1.149206145632689e-06	2.300116722873277e-06	0.0	2.536543638304742e-05	5.777522847791854e-06	1.043287336263008e-05	0.0	0.0	1.1789730069885747e-06	0.0	0.0	0.0	3.557229399627627e-05	8.446699216270529e-05	3.7823720934771403e-06	0.0	0.0
789H4_R1_001	5.3699229861755086e-05	0.22526289934707644	0.0	0.0	0.0	6.443907583410611e-05	0.0015680175119632488	0.0	0.0	0.0024014295594176876	2.147972747080258e-06	5.7995535117069785e-05	1.5035966999661068e-05	4.726161985464087e-05	0.0030540980380729965	0.0	0.0	1.5067321762247263e-05	0.0	0.022234249703746236	0.0	0.0024156669894350048	0.0	9.932346362552904e-05	0.00013827848002479854	0.0	0.0	6.826693907559283e-05	0.0	7.397664248435497e-05	0.0	0.0	0.0	4.428450455957687e-06	1.3384083099630512e-05	0.0	2.280095401015655e-06	0.0
789H4_R2_001	0.004156320391299844	0.0019224324290508324	0.0	0.007469562873770133	0.002754770491908036	0.008430779088295549	0.0006068012974378325	0.0019546519669678855	0.00611097235826773	0.0007721949254120383	7.625306200345898e-05	0.0004478551026999412	0.0	0.00010096821319786235	0.0	5.375751250485753e-06	0.00012478029524652908	0.0	2.1535845860887416e-05	9.372870197049083e-05	0.0	0.0	2.157972080265124e-06	0.0	2.3766335696315664e-05	5.4056495070053055e-06	9.73983873467634e-06	0.0	0.0	2.175740334268126e-06	0.0	0.0	0.0	4.2069145223497487e-05	8.476474309551853e-05	2.2543719711948972e-06	0.0	0.0
789H9_R1_001	5.603178526288965e-06	0.2069141766187989	0.0	0.0	0.0	3.361907115773379e-05	0.0015688899873609102	0.0	0.0	0.0022210999678209456	1.1206368480591476e-06	7.284171919142957e-05	2.3533647030124344e-05	5.155651702731309e-05	0.002852688638858006	0.0	0.0	1.3477473262630433e-05	0.0	0.019897237296091264	0.0	0.0022431663703597338	0.0	6.084947009633361e-05	0.00012178820951428662	0.0	0.0	4.0739320438938565e-05	3.4018244574214724e-06	5.684713251239404e-05	0.0	0.0	1.6130980427048578e-05	9.27740937249586e-06	5.844086959826952e-06	0.0	1.1949686894901464e-06	0.0
789H9_R2_001	0.0074186083688065904	0.004628225462714685	0.0	0.006830274623546248	0.00227489048167332	0.00785005311533084	0.0006163496378917861	0.0018266361995702028	0.005166130601238425	0.0006701401517441603	7.172074300493305e-05	0.00041463643763827075	0.0	0.00011544048288821239	0.0	0.0	0.0001223540748896515	0.0	1.9102984741356093e-05	7.195570802370455e-05	0.0	0.0	1.1261217890354522e-06	0.0	3.0446201257915254e-05	3.3859160069811266e-06	0.0016214569442616776	0.0	1.133917737148321e-06	6.821499857726251e-06	0.0	0.0	0.0	3.59488611447175e-05	5.6101353546838016e-05	2.3618914948228227e-06	0.0	0.0
789L14_R1_001	2.2593687549635507e-05	0.20447287232420136	0.0	0.0	0.0	2.2593687549635507e-05	0.00145729284695149	0.0	0.0	0.0020752302014340213	2.2593773309713503e-06	5.648495141480795e-05	2.4853662763361276e-05	5.310201403059154e-05	0.00266967870925352	0.0	0.0	7.922158320961469e-06	0.0	0.01973342743021866	0.0	0.0021408245264838205	1.1356529757037948e-06	6.368397174733376e-05	0.00013445354405014297	0.0	0.0	5.878791288696409e-05	8.12481206294097e-06	5.853801746275697e-05	0.0	2.3964874108861664e-06	2.7963782864678973e-05	6.175636001887818e-06	2.38868603636249e-05	0.0	2.6214156842682017e-06	0.0
789L14_R2_001	0.008421797034126636	0.00563147662174665	0.0	0.006343177779560168	0.0022311266455265063	0.007653611657439028	0.0005761390325157054	0.0018074950039708405	0.0053885944805880685	0.0006326232513897942	6.552177013343069e-05	0.00037279737753086493	1.1296929535221273e-06	8.812459208482087e-05	0.0	3.3920918647223364e-06	0.00010406992123173901	1.131703576820452e-06	2.1512877727494636e-05	7.930254184812127e-05	0.0	0.0	0.0	0.0	2.1648129525270877e-05	3.427313702365909e-06	0.0021020898213232825	0.0	2.321288253698793e-06	1.8731398038848383e-05	0.0	0.0	0.0	3.334575071455312e-05	8.296789224281005e-05	6.414156875498957e-06	0.0	0.0
789L4_R1_001	1.1057230455681735e-05	0.21586478157104666	0.0	0.0	0.0	3.317169136704521e-05	0.001713870720630669	0.0	0.0	0.002508885590394186	0.0	6.081576677281709e-05	1.9903650189013356e-05	5.529524948226782e-05	0.0029696376567403576	0.0	0.0	1.3297259788243133e-05	0.0	0.021662288526885957	0.0	0.002376381152170412	0.0	5.559560601239793e-05	0.0001357690644778082	0.0	0.0	5.587950144308813e-05	0.0	6.516982148716207e-05	0.0	0.0	0.0	3.4470814285431624e-06	1.1595818246449057e-05	0.0	8.327646938415551e-06	0.0
789L4_R2_001	0.003914259581311334	0.0019018436383772587	0.0	0.007408344405306764	0.002847236842338047	0.007281186255066422	0.0007463630557585172	0.0015590694942511246	0.006208634900865295	0.0007795347471255623	7.297804216764158e-05	0.000436768658524886	0.0	6.414254472916768e-05	0.0	1.10696591733856e-06	0.00011186078263296892	0.0	1.2195201314669309e-05	8.762963306743914e-05	1.1098258341439872e-06	0.0	2.2222776063185663e-06	0.0	2.5595622943711644e-05	5.570267064114877e-06	6.693609784772333e-06	0.0	0.0	3.3708015907756527e-06	0.0	0.0	0.0	2.1831404838951565e-05	6.0297208185921155e-05	4.694889131953732e-06	0.0	0.0
789L9_R1_001	5.641765493472816e-06	0.22338570471405617	0.0	0.0	0.0	7.898471690861943e-05	0.0016361119931071165	0.0	0.0	0.0024473978710685073	0.0	6.544528611595857e-05	2.8209451021402724e-05	5.191188481186112e-05	0.0030642654251807713	0.0	0.0	1.0177232892246782e-05	0.0	0.022009850129595263	0.0	0.002431862410890827	0.0	6.807186973549178e-05	0.00015894922752946125	0.0	0.0	5.3539946797924435e-05	0.0	5.3773598915722885e-05	1.1478532956710423e-06	0.0	0.0	4.663250967458448e-06	9.399665346064601e-06	0.0	1.202104172760834e-06	0.0
789L9_R2_001	0.004022578796846118	0.0020141102811697953	0.0	0.007497906340825372	0.0025726450650236043	0.008846288293765376	0.0007559965761253573	0.0020028267501828495	0.006234150870287462	0.0007921038752835833	7.334317568661541e-05	0.00045360300761812706	0.0	0.00010269532108380533	0.0	1.129628381181078e-06	0.00012432330682816942	0.0	1.6971108938532603e-05	9.622113455109519e-05	0.0	0.0	2.267641673974898e-06	0.0	2.611270226402465e-05	5.681530360655138e-06	7.96274083409187e-06	0.0	0.0	1.1440851319238272e-06	0.0	0.0	0.0	3.847187519975501e-05	5.874879955640427e-05	3.5649526227897134e-06	0.0	0.0
789M14_R1_001	2.9777078369349618e-05	0.22769539259762675	0.0	0.0	0.0	3.970277115913283e-05	0.0016724792350784703	0.0	0.0	0.002515170552931065	0.0	6.948117020583896e-05	1.8859428608546194e-05	5.757781127460706e-05	0.003042023846249143	0.0	0.0	1.6908134049755506e-05	0.0	0.022332881535184097	0.0	0.0023978538430745383	0.0	6.586179232190211e-05	0.00012284998174479236	0.0	0.0	5.218100704265979e-05	0.0	6.36180005254241e-05	0.0	0.0	0.0	7.2533929299728436e-06	1.569804167976581e-05	0.0	4.300025461525765e-06	0.0
789M14_R2_001	0.004059608351021331	0.002000027097141316	0.0	0.007379752589203814	0.0027692682883495145	0.008327656250628111	0.0006203557993614505	0.0017568476237916275	0.0060993382193217805	0.0007106796037484776	7.047278953782803e-05	0.00046155382223291263	0.0	9.728650949514844e-05	0.0	9.93612156868586e-07	0.00011133850675657729	0.0	1.890641833397975e-05	8.561870906579475e-05	9.960646977887412e-07	0.0	3.988741736561139e-06	0.0	2.3970161942414085e-05	6.9992473009452565e-06	1.0014301925294608e-05	1.0034527303271462e-06	0.0	3.029321377180795e-06	0.0	0.0	0.0	3.73016550547478e-05	7.744058449641591e-05	4.240859892018801e-06	0.0	0.0
789M4_R1_001	2.6620561274302845e-05	0.2245018414507056	0.0	0.0	0.0	5.856523480346625e-05	0.0018101981666525933	0.0	0.0	0.0024001098044911444	4.259318694502209e-06	6.49555590570033e-05	2.2362072493877743e-05	5.005522102633672e-05	0.0030335555355047042	0.0	0.0	1.7075175477042783e-05	0.0	0.02257263152024574	0.0	0.002391364743410146	0.0	8.352400453655276e-05	0.0001500324236142333	0.0	0.0	6.131152911781863e-05	0.0	6.052092194762595e-05	0.0	0.0	0.0	7.720181194417245e-06	8.899614605526863e-06	0.0	7.98799263205818e-06	0.0
789M4_R2_001	0.0037428509151669793	0.0019273286362595258	0.0	0.007485701830333959	0.0027578901480177745	0.008646358301893564	0.0007400516034256191	0.001959273309788689	0.006197266664657702	0.0007634776973470055	7.347319740884098e-05	0.0004695962065741573	0.0	0.0001075649995589835	0.0	0.0	0.00010772986874075464	1.0671904038751135e-06	2.5625733703461467e-05	6.73037137665783e-05	0.0	0.0	4.280390305677867e-06	0.0	2.2504275330078245e-05	9.653856056887214e-06	9.665499403681645e-06	0.0	0.0	3.2420792141321024e-06	0.0	0.0	0.0	2.5366104855602954e-05	8.899722620120168e-05	2.2538317111191774e-06	0.0	0.0
7C14_R1_001	3.370470298573112e-05	0.21043531309141222	0.0	0.0	0.0	5.0557054478596666e-05	0.001449302228386438	0.0	0.0	0.0021526070306886937	0.0	5.505191170572169e-05	1.7976360434385716e-05	4.7193787185122635e-05	0.002808162945217485	0.0	0.0	2.0265218799345456e-05	0.0	0.019736207420417283	0.0	0.002189896002617315	2.2578547068012536e-06	7.908212674343327e-05	0.00013003968811281204	0.0	0.0	5.568294386314923e-05	7.978551374319722e-06	7.780661949655615e-05	0.0	0.0	2.566872752323708e-05	1.2953055489194043e-05	8.33616743177996e-06	0.0	3.6839383737526656e-06	0.0
7C14_R2_001	0.007768934038211021	0.004696188616011869	0.0	0.0065443298297294585	0.002331241956513069	0.0077296118847276695	0.0006516242577241348	0.0017133224017746652	0.005533188740157524	0.000628030965634123	7.864440239141e-05	0.00039097664111181177	2.247007615018927e-06	0.00010000352259599256	0.0	3.374037155234557e-06	0.00010352286626010311	1.125814435271496e-06	1.576933251175111e-05	5.5221614425084784e-05	1.1275560017319711e-06	1.1281848602194753e-06	2.2577584369159037e-06	0.0	2.4875964764824156e-05	5.660399102967121e-06	0.00171560310178773	1.136344331423006e-06	3.4192631392195618e-06	1.2585921511767803e-05	0.0	3.4722677957370414e-06	0.0	2.8260563716290505e-05	7.502386473411543e-05	0.0	1.2264683045513111e-06	0.0
89C14_R1_001	1.4295893642744759e-05	0.2261562721303412	0.0	0.0	0.0	4.288768092823428e-05	0.0016392624710347323	0.0	0.0	0.0023969448341002045	9.530613110822236e-07	6.576162218253504e-05	2.4779914095471802e-05	4.8612791575353653e-05	0.003106012863260936	0.0	0.0	1.7192650333012086e-05	0.0	0.022374066918940963	0.0	0.0024349822179776364	0.0	6.324046378601435e-05	0.00013902606526828881	0.0	0.0	5.000161303280505e-05	0.0	5.983195442874101e-05	0.0	0.0	0.0	1.9601279206922836e-06	9.863039758672722e-06	0.0	2.0103435593713708e-06	0.0
89C14_R2_001	0.0038789524750647447	0.001977598620579692	0.0	0.007443395289989106	0.0026352097281459506	0.008863454058501752	0.0006671417033280888	0.0019871292163415218	0.005856551095644437	0.0007443395289989104	6.480817471254596e-05	0.00044984786278709987	0.0	0.00011438322435042695	0.0	3.816513699843448e-06	0.00013937698278674215	0.0	1.6246034689355128e-05	8.127286151810993e-05	0.0	9.57138367616977e-07	9.57632114399805e-07	0.0	1.5340533035392056e-05	2.8784822523002936e-06	8.643543631614244e-06	9.615445728938719e-07	0.0	9.650082973343421e-07	0.0	9.70894071495552e-07	0.0	3.234126946597733e-05	7.692932762061406e-05	1.9906778546743456e-06	0.0	0.0
89C9_R1_001	2.2297098355956897e-05	0.20275308962530506	0.0	0.0	0.0	5.0168471300903027e-05	0.0013824200980693277	0.0	0.0	0.002062481597926013	0.0	6.131786199688261e-05	1.672329695295286e-05	5.0176524917277595e-05	0.0026338375163213424	0.0	0.0	1.3407556373634988e-05	0.0	0.019220082301636174	0.0	0.0021028358387274954	0.0	6.391194020022131e-05	0.0001335583833244794	0.0	0.0	5.1910584289399344e-05	9.058546917356667e-06	5.91395392652308e-05	0.0	0.0	2.7874678095377603e-05	9.380448244953897e-06	1.4231240485526281e-05	0.0	2.4450082497634605e-06	0.0
89C9_R2_001	0.0088463737727259	0.005691334355357998	0.0	0.006170721970011072	0.0022910268560745713	0.007096051551783283	0.0006800614998566854	0.00158309398327294	0.005267689486594817	0.0006655683859253134	8.361430433829696e-05	0.00041027008135198625	1.1148733876199375e-06	8.697106733502966e-05	0.0	1.1161034418063107e-06	9.82682608726628e-05	0.0	8.942869639878687e-06	7.941053403997972e-05	0.0	1.1196873564175916e-06	2.240776800233919e-06	0.0	2.2445988526441167e-05	7.866123698863075e-06	0.002277305882525373	1.128451091191893e-06	1.1322804016325402e-06	2.160785308534099e-05	0.0	0.0	0.0	3.0485275400929445e-05	6.759632485185643e-05	1.2040148211334845e-05	1.221039402709528e-06	0.0
89M9_R1_001	1.1207955317020378e-05	0.19847607673145537	0.0	0.0	0.0	2.8019888292550943e-05	0.0015298859007732816	0.0	0.0	0.002020794343658774	2.241599856716937e-06	6.388615728866072e-05	1.7933152805514545e-05	4.147525091069563e-05	0.002478364744886946	0.0	0.0	1.4598967704747602e-05	0.0	0.018500202094782255	0.0	0.001983108507503983	1.1263543143481432e-06	5.74990212200927e-05	0.00011966091483365806	0.0	0.0	5.1173839169220704e-05	6.853739877383167e-06	4.9404504528083696e-05	0.0	0.0	3.190624800438236e-05	5.98523855826185e-06	1.4586785539244288e-05	0.0	3.7914711589297633e-06	0.0
89M9_R2_001	0.009644445550296036	0.0061195436030931265	0.0	0.005760889032948475	0.002163135376184933	0.006797624899772859	0.0005660017435095291	0.0015130739677977512	0.004998748071391088	0.0006276454977531412	5.94022603837785e-05	0.00033960297968326853	3.3624251477928754e-06	7.95863322154555e-05	0.0	2.243847829241026e-06	9.989767896049034e-05	0.0	1.685297972815739e-05	7.531679536883095e-05	0.0	0.0	1.1263270385167805e-06	0.0	2.8221153420665688e-05	2.261582272388339e-06	0.0027203887217852334	0.0	1.142270224833848e-06	1.6084904397647332e-05	0.0	0.0	0.0	3.830460376329326e-05	5.95602257687487e-05	6.1928194530925455e-06	1.261999899570048e-06	0.0
