	26.0	27.0	28.0	29.0	30.0	31.0	32.0	33.0	34.0	35.0	36.0	37.0
101112C14_R1_001	4.0	1205.0	20620.0	81538.0	142542.0	210392.0	299791.0	444070.0	757913.0	1931012.0	12164215.0	1480641.0
	26.0	27.0	28.0	29.0	30.0	31.0	32.0	33.0	34.0	35.0	36.0	37.0
101112C14_R2_001	6.0	986.0	28785.0	150842.0	246499.0	347080.0	518650.0	848259.0	1627953.0	4132345.0	9344471.0	288067.0
	26.0	27.0	28.0	29.0	30.0	31.0	32.0	33.0	34.0	35.0	36.0	37.0
101112C4_R1_001	9.0	1259.0	22494.0	89328.0	155054.0	225555.0	317817.0	462382.0	772827.0	1897699.0	12306237.0	1755822.0
	26.0	27.0	28.0	29.0	30.0	31.0	32.0	33.0	34.0	35.0	36.0	37.0
101112C4_R2_001	11.0	1223.0	24892.0	123980.0	208796.0	293565.0	438331.0	718788.0	1382047.0	3632477.0	10702210.0	480163.0
	26.0	27.0	28.0	29.0	30.0	31.0	32.0	33.0	34.0	35.0	36.0	37.0	38.0	39.0	40.0
101112C9_R1_001	7.0	1036.0	17851.0	71083.0	126227.0	186517.0	267872.0	394042.0	662596.0	1648536.0	10747658.0	1557407.0	218327.0	1230547.0	469133.0
	26.0	27.0	28.0	29.0	30.0	31.0	32.0	33.0	34.0	35.0	36.0	37.0	38.0	39.0	40.0
101112C9_R2_001	3.0	822.0	23531.0	123520.0	205777.0	293490.0	452734.0	732805.0	1401643.0	3623307.0	8644896.0	445876.0	327451.0	1096043.0	226941.0
	26.0	27.0	28.0	29.0	30.0	31.0	32.0	33.0	34.0	35.0	36.0	37.0	38.0	39.0	40.0
101112H14_R1_001	6.0	1046.0	18777.0	74533.0	129554.0	189100.0	271564.0	396134.0	667977.0	1666733.0	10281701.0	1413804.0	300566.0	1632010.0	605400.0
	26.0	27.0	28.0	29.0	30.0	31.0	32.0	33.0	34.0	35.0	36.0	37.0	38.0	39.0	40.0
101112H14_R2_001	4.0	838.0	21285.0	111169.0	184747.0	270123.0	424682.0	691200.0	1304782.0	3315896.0	8546185.0	541932.0	410812.0	1473027.0	352223.0
	26.0	27.0	28.0	29.0	30.0	31.0	32.0	33.0	34.0	35.0	36.0	37.0	38.0	39.0	40.0
101112H4_R1_001	7.0	1112.0	18943.0	77087.0	134896.0	197258.0	280649.0	406609.0	671683.0	1621836.0	11023619.0	1857286.0	195177.0	1126916.0	456731.0
	26.0	27.0	28.0	29.0	30.0	31.0	32.0	33.0	34.0	35.0	36.0	37.0	38.0	39.0	40.0
101112H4_R2_001	8.0	1006.0	20276.0	105498.0	178715.0	256821.0	393913.0	636412.0	1205724.0	3167911.0	9900224.0	620512.0	282773.0	1041198.0	258818.0
	26.0	27.0	28.0	29.0	30.0	31.0	32.0	33.0	34.0	35.0	36.0	37.0	38.0	39.0	40.0
101112H9_R1_001	10.0	1207.0	20075.0	79273.0	140232.0	206931.0	298593.0	439100.0	747351.0	1870383.0	11894909.0	1596532.0	149437.0	758614.0	247323.0
	26.0	27.0	28.0	29.0	30.0	31.0	32.0	33.0	34.0	35.0	36.0	37.0	38.0	39.0	40.0
101112H9_R2_001	9.0	1011.0	25366.0	131290.0	218615.0	311678.0	473471.0	769446.0	1467586.0	3812835.0	9828431.0	448925.0	225227.0	634842.0	101238.0
	26.0	27.0	28.0	29.0	30.0	31.0	32.0	33.0	34.0	35.0	36.0	37.0
101112L14_R1_001	5.0	1041.0	19847.0	81031.0	145801.0	215116.0	307134.0	449260.0	759595.0	1925573.0	12837552.0	1621473.0
	26.0	27.0	28.0	29.0	30.0	31.0	32.0	33.0	34.0	35.0	36.0	37.0
101112L14_R2_001	4.0	873.0	25482.0	138686.0	231833.0	328691.0	494390.0	816364.0	1584251.0	4200349.0	10196585.0	345920.0
	26.0	27.0	28.0	29.0	30.0	31.0	32.0	33.0	34.0	35.0	36.0	37.0
101112L4_R1_001	3.0	1243.0	21259.0	85029.0	149265.0	216014.0	305449.0	445583.0	743016.0	1829551.0	12260741.0	1809221.0
	26.0	27.0	28.0	29.0	30.0	31.0	32.0	33.0	34.0	35.0	36.0	37.0
101112L4_R2_001	6.0	936.0	22900.0	118954.0	202683.0	288677.0	434419.0	718863.0	1398758.0	3724403.0	10529209.0	426566.0
	26.0	27.0	28.0	29.0	30.0	31.0	32.0	33.0	34.0	35.0	36.0	37.0	38.0	39.0	40.0
101112L9_R1_001	9.0	1101.0	19249.0	76858.0	136025.0	200828.0	288958.0	426506.0	722928.0	1824256.0	11829508.0	1624285.0	143980.0	796141.0	314233.0
	26.0	27.0	28.0	29.0	30.0	31.0	32.0	33.0	34.0	35.0	36.0	37.0	38.0	39.0	40.0
101112L9_R2_001	6.0	906.0	26149.0	138533.0	228475.0	325377.0	494345.0	806865.0	1551513.0	3993005.0	9320569.0	407164.0	202815.0	731862.0	177281.0
	26.0	27.0	28.0	29.0	30.0	31.0	32.0	33.0	34.0	35.0	36.0	37.0
101112M14_R1_001	8.0	1081.0	19397.0	77426.0	137765.0	204294.0	294605.0	436370.0	752245.0	1928573.0	12306963.0	1511712.0
	26.0	27.0	28.0	29.0	30.0	31.0	32.0	33.0	34.0	35.0	36.0	37.0
101112M14_R2_001	6.0	905.0	28055.0	148322.0	244319.0	346398.0	519140.0	855579.0	1646661.0	4207380.0	9388907.0	284767.0
	26.0	27.0	28.0	29.0	30.0	31.0	32.0	33.0	34.0	35.0	36.0	37.0	38.0	39.0	40.0
101112M4_R1_001	9.0	1112.0	18023.0	72659.0	126697.0	186180.0	267244.0	388915.0	653539.0	1601805.0	10373384.0	1591750.0	277608.0	1421214.0	507632.0
	26.0	27.0	28.0	29.0	30.0	31.0	32.0	33.0	34.0	35.0	36.0	37.0	38.0	39.0	40.0
101112M4_R2_001	9.0	987.0	21441.0	110206.0	182957.0	260711.0	403471.0	649349.0	1224079.0	3132117.0	8962593.0	574758.0	361697.0	1283847.0	319549.0
	26.0	27.0	28.0	29.0	30.0	31.0	32.0	33.0	34.0	35.0	36.0	37.0	38.0	39.0	40.0
101112M9_R1_001	8.0	1013.0	18417.0	74731.0	130969.0	191803.0	274676.0	398244.0	665620.0	1645871.0	10742928.0	1634326.0	277717.0	1502742.0	631213.0
	26.0	27.0	28.0	29.0	30.0	31.0	32.0	33.0	34.0	35.0	36.0	37.0	38.0	39.0	40.0
101112M9_R2_001	7.0	824.0	19217.0	101080.0	171380.0	249094.0	388036.0	632390.0	1214457.0	3221316.0	9354038.0	621292.0	353933.0	1442987.0	420227.0
	26.0	27.0	28.0	29.0	30.0	31.0	32.0	33.0	34.0	35.0	36.0	37.0	38.0	39.0	40.0
123C14_R1_001	4.0	816.0	16197.0	64468.0	111729.0	163152.0	234961.0	336378.0	555265.0	1338598.0	8755831.0	1375128.0	489094.0	2782421.0	1013330.0
	26.0	27.0	28.0	29.0	30.0	31.0	32.0	33.0	34.0	35.0	36.0	37.0	38.0	39.0	40.0
123C14_R2_001	5.0	613.0	15494.0	82371.0	140457.0	209337.0	342881.0	553111.0	1048053.0	2749955.0	7638559.0	617246.0	696045.0	2577857.0	565388.0
	26.0	27.0	28.0	29.0	30.0	31.0	32.0	33.0	34.0	35.0	36.0	37.0	38.0	39.0	40.0
123C4_R1_001	7.0	1114.0	20675.0	82054.0	141655.0	205704.0	290512.0	418634.0	688397.0	1662748.0	10490197.0	1518567.0	269242.0	1583813.0	698052.0
	26.0	27.0	28.0	29.0	30.0	31.0	32.0	33.0	34.0	35.0	36.0	37.0	38.0	39.0	40.0
123C4_R2_001	4.0	894.0	18701.0	97119.0	167017.0	244629.0	382817.0	630094.0	1220658.0	3307147.0	9143376.0	559870.0	394325.0	1522329.0	382391.0
	26.0	27.0	28.0	29.0	30.0	31.0	32.0	33.0	34.0	35.0	36.0	37.0	38.0	39.0	40.0
123C9_R1_001	1.0	998.0	18451.0	73420.0	128725.0	190866.0	274158.0	401432.0	675393.0	1686221.0	10972012.0	1487575.0	271711.0	1491618.0	552510.0
	26.0	27.0	28.0	29.0	30.0	31.0	32.0	33.0	34.0	35.0	36.0	37.0	38.0	39.0	40.0
123C9_R2_001	6.0	758.0	19553.0	106088.0	179805.0	263850.0	416302.0	680091.0	1308840.0	3462245.0	9232179.0	525808.0	394193.0	1354920.0	280453.0
	27.0	28.0	29.0	30.0	31.0	32.0	33.0	34.0	35.0	36.0	37.0
123H14_R1_001	1190.0	21409.0	85260.0	149048.0	218363.0	309569.0	456956.0	780631.0	2000002.0	12374714.0	1470111.0
	26.0	27.0	28.0	29.0	30.0	31.0	32.0	33.0	34.0	35.0	36.0	37.0
123H14_R2_001	4.0	901.0	25146.0	129633.0	215334.0	307379.0	466152.0	774756.0	1501733.0	3912180.0	10104534.0	429501.0
	26.0	27.0	28.0	29.0	30.0	31.0	32.0	33.0	34.0	35.0	36.0	37.0	38.0	39.0	40.0
123H4_R1_001	10.0	943.0	16831.0	68487.0	119970.0	177860.0	257237.0	372253.0	623018.0	1515903.0	9929973.0	1617771.0	297558.0	1711626.0	693487.0
	27.0	28.0	29.0	30.0	31.0	32.0	33.0	34.0	35.0	36.0	37.0	38.0	39.0	40.0
123H4_R2_001	846.0	21479.0	110788.0	185793.0	270566.0	420816.0	680908.0	1289959.0	3290692.0	8210843.0	528644.0	436357.0	1584433.0	370803.0
	26.0	27.0	28.0	29.0	30.0	31.0	32.0	33.0	34.0	35.0	36.0	37.0	38.0	39.0	40.0
123H9_R1_001	14.0	1446.0	21416.0	81666.0	139509.0	201541.0	283631.0	405051.0	659558.0	1573130.0	10022367.0	1577787.0	351381.0	2003705.0	824558.0
	26.0	27.0	28.0	29.0	30.0	31.0	32.0	33.0	34.0	35.0	36.0	37.0	38.0	39.0	40.0
123H9_R2_001	7.0	990.0	17827.0	85187.0	146137.0	217689.0	344887.0	564946.0	1081630.0	2914166.0	9163980.0	678831.0	471100.0	1935050.0	524333.0
	26.0	27.0	28.0	29.0	30.0	31.0	32.0	33.0	34.0	35.0	36.0	37.0	38.0	39.0	40.0
123L14_R1_001	2.0	1246.0	20809.0	79051.0	133192.0	192110.0	271095.0	388696.0	645069.0	1569756.0	9352985.0	1221646.0	386005.0	2085775.0	757309.0
	26.0	27.0	28.0	29.0	30.0	31.0	32.0	33.0	34.0	35.0	36.0	37.0	38.0	39.0	40.0
123L14_R2_001	9.0	853.0	17679.0	87572.0	147800.0	218724.0	353285.0	578062.0	1105124.0	2940952.0	8211351.0	581221.0	548236.0	1904849.0	409029.0
	26.0	27.0	28.0	29.0	30.0	31.0	32.0	33.0	34.0	35.0	36.0	37.0	38.0	39.0	40.0
123L4_R1_001	10.0	1337.0	21656.0	82576.0	141782.0	205223.0	292508.0	420088.0	693153.0	1658274.0	10488944.0	1642136.0	262307.0	1376413.0	487395.0
	26.0	27.0	28.0	29.0	30.0	31.0	32.0	33.0	34.0	35.0	36.0	37.0	38.0	39.0	40.0
123L4_R2_001	4.0	1121.0	20828.0	98858.0	169814.0	245931.0	383489.0	624997.0	1197569.0	3172362.0	9407318.0	568445.0	368632.0	1261299.0	253135.0
	26.0	27.0	28.0	29.0	30.0	31.0	32.0	33.0	34.0	35.0	36.0	37.0	38.0	39.0	40.0
123L9_R1_001	10.0	920.0	16492.0	66700.0	117466.0	172656.0	248951.0	363327.0	607121.0	1486600.0	9776815.0	1531099.0	332214.0	1874255.0	755358.0
	26.0	27.0	28.0	29.0	30.0	31.0	32.0	33.0	34.0	35.0	36.0	37.0	38.0	39.0	40.0
123L9_R2_001	2.0	757.0	18249.0	95701.0	162812.0	238553.0	381089.0	616194.0	1172940.0	3063293.0	8436613.0	589940.0	487962.0	1681698.0	404181.0
	26.0	27.0	28.0	29.0	30.0	31.0	32.0	33.0	34.0	35.0	36.0	37.0	38.0	39.0	40.0
123M4_R1_001	3.0	1074.0	18605.0	73281.0	128879.0	191330.0	277064.0	406799.0	684903.0	1693692.0	10606169.0	1491166.0	268765.0	1463128.0	590030.0
	26.0	27.0	28.0	29.0	30.0	31.0	32.0	33.0	34.0	35.0	36.0	37.0	38.0	39.0	40.0
123M4_R2_001	2.0	872.0	23459.0	120759.0	202416.0	293527.0	454773.0	744259.0	1422091.0	3648792.0	8430711.0	467704.0	367644.0	1364690.0	353189.0
	26.0	27.0	28.0	29.0	30.0	31.0	32.0	33.0	34.0	35.0	36.0	37.0
123M9_R1_001	6.0	1161.0	20194.0	83735.0	147440.0	215601.0	305699.0	447356.0	753607.0	1870842.0	12072626.0	1627491.0
	26.0	27.0	28.0	29.0	30.0	31.0	32.0	33.0	34.0	35.0	36.0	37.0
123M9_R2_001	9.0	957.0	22671.0	121520.0	205048.0	289764.0	433032.0	715524.0	1389668.0	3696004.0	10259729.0	411832.0
	26.0	27.0	28.0	29.0	30.0	31.0	32.0	33.0	34.0	35.0	36.0	37.0	38.0	39.0	40.0
131415C14_R1_001	7.0	1168.0	20264.0	79780.0	141096.0	206153.0	293285.0	426184.0	716509.0	1779976.0	11439052.0	1611488.0	158262.0	881415.0	359547.0
	26.0	27.0	28.0	29.0	30.0	31.0	32.0	33.0	34.0	35.0	36.0	37.0	38.0	39.0	40.0
131415C14_R2_001	10.0	891.0	23679.0	122165.0	204883.0	292102.0	449618.0	731710.0	1395039.0	3614061.0	9571969.0	492426.0	226457.0	793921.0	195255.0
	26.0	27.0	28.0	29.0	30.0	31.0	32.0	33.0	34.0	35.0	36.0	37.0	38.0	39.0	40.0
131415C4_R1_001	8.0	1296.0	21467.0	84043.0	146392.0	212089.0	302771.0	440325.0	732050.0	1782661.0	11129999.0	1622136.0	204758.0	1110407.0	439374.0
	26.0	27.0	28.0	29.0	30.0	31.0	32.0	33.0	34.0	35.0	36.0	37.0	38.0	39.0	40.0
131415C4_R2_001	7.0	1172.0	22851.0	108839.0	185886.0	265301.0	408069.0	665221.0	1271897.0	3353564.0	9772023.0	572892.0	277275.0	1064394.0	260385.0
	26.0	27.0	28.0	29.0	30.0	31.0	32.0	33.0	34.0	35.0	36.0	37.0	38.0	39.0	40.0
131415C9_R1_001	9.0	950.0	17416.0	71758.0	127790.0	188530.0	268649.0	390187.0	649159.0	1589908.0	10645878.0	1591733.0	241686.0	1390193.0	554133.0
	26.0	27.0	28.0	29.0	30.0	31.0	32.0	33.0	34.0	35.0	36.0	37.0	38.0	39.0	40.0
131415C9_R2_001	6.0	761.0	17327.0	93046.0	161334.0	237466.0	372571.0	608621.0	1163074.0	3104319.0	9505105.0	584267.0	375455.0	1255381.0	249246.0
	26.0	27.0	28.0	29.0	30.0	31.0	32.0	33.0	34.0	35.0	36.0	37.0	38.0	39.0	40.0
131415H14_R1_001	5.0	1063.0	19591.0	78896.0	140127.0	205096.0	291875.0	422330.0	701251.0	1725087.0	11583490.0	1686874.0	178709.0	1004212.0	405015.0
	26.0	27.0	28.0	29.0	30.0	31.0	32.0	33.0	34.0	35.0	36.0	37.0	38.0	39.0	40.0
131415H14_R2_001	6.0	808.0	19827.0	105705.0	181132.0	263744.0	408907.0	672881.0	1318133.0	3580610.0	9983763.0	516429.0	266667.0	921876.0	203133.0
	26.0	27.0	28.0	29.0	30.0	31.0	32.0	33.0	34.0	35.0	36.0	37.0
131415H4_R1_001	7.0	1278.0	22994.0	94530.0	166628.0	241378.0	338143.0	485151.0	796125.0	1917649.0	13351573.0	2166944.0
	26.0	27.0	28.0	29.0	30.0	31.0	32.0	33.0	34.0	35.0	36.0	37.0
131415H4_R2_001	6.0	1194.0	23754.0	123495.0	213887.0	301380.0	447288.0	733664.0	1408186.0	3790722.0	11963393.0	575431.0
	26.0	27.0	28.0	29.0	30.0	31.0	32.0	33.0	34.0	35.0	36.0	37.0	38.0	39.0	40.0
131415H9_R1_001	4.0	1052.0	19130.0	77122.0	134654.0	198017.0	282225.0	409728.0	684071.0	1693207.0	11067297.0	1598962.0	200464.0	1110500.0	415025.0
	26.0	27.0	28.0	29.0	30.0	31.0	32.0	33.0	34.0	35.0	36.0	37.0	38.0	39.0	40.0
131415H9_R2_001	8.0	871.0	21404.0	113636.0	192643.0	277795.0	428682.0	699403.0	1346405.0	3548671.0	9280005.0	480271.0	299570.0	1002439.0	199655.0
	26.0	27.0	28.0	29.0	30.0	31.0	32.0	33.0	34.0	35.0	36.0	37.0	38.0	39.0	40.0
131415L14_R1_001	9.0	1113.0	19419.0	78980.0	137871.0	202355.0	291567.0	425962.0	723749.0	1832990.0	11701198.0	1468537.0	183547.0	972395.0	317000.0
	26.0	27.0	28.0	29.0	30.0	31.0	32.0	33.0	34.0	35.0	36.0	37.0	38.0	39.0	40.0
131415L14_R2_001	3.0	838.0	23528.0	126122.0	209875.0	300051.0	457917.0	747349.0	1433756.0	3755515.0	9565080.0	454201.0	256571.0	850550.0	175336.0
	26.0	27.0	28.0	29.0	30.0	31.0	32.0	33.0	34.0	35.0	36.0	37.0
131415L4_R1_001	9.0	2101.0	33978.0	121648.0	200033.0	283726.0	394305.0	569243.0	953271.0	2335907.0	11947590.0	1283068.0
	26.0	27.0	28.0	29.0	30.0	31.0	32.0	33.0	34.0	35.0	36.0	37.0
131415L4_R2_001	3.0	1918.0	33422.0	137505.0	228999.0	330202.0	503738.0	839724.0	1618505.0	4143511.0	9958778.0	328574.0
	26.0	27.0	28.0	29.0	30.0	31.0	32.0	33.0	34.0	35.0	36.0	37.0	38.0	39.0	40.0
131415L9_R1_001	2.0	1110.0	18437.0	73436.0	130296.0	194455.0	281930.0	417226.0	716246.0	1814483.0	11816134.0	1572465.0	140168.0	801763.0	279791.0
	26.0	27.0	28.0	29.0	30.0	31.0	32.0	33.0	34.0	35.0	36.0	37.0	38.0	39.0	40.0
131415L9_R2_001	8.0	856.0	28533.0	149503.0	243507.0	345956.0	529170.0	858685.0	1624059.0	4055527.0	9015615.0	390712.0	227689.0	678571.0	109551.0
	26.0	27.0	28.0	29.0	30.0	31.0	32.0	33.0	34.0	35.0	36.0	37.0	38.0	39.0	40.0
131415M14_R1_001	9.0	1283.0	20696.0	80047.0	138957.0	204451.0	293453.0	434367.0	743085.0	1883956.0	11834750.0	1510139.0	159449.0	860290.0	312059.0
	26.0	27.0	28.0	29.0	30.0	31.0	32.0	33.0	34.0	35.0	36.0	37.0	38.0	39.0	40.0
131415M14_R2_001	5.0	961.0	25075.0	129132.0	214114.0	308850.0	476776.0	780378.0	1488530.0	3825319.0	9657535.0	448933.0	240210.0	742482.0	138691.0
	26.0	27.0	28.0	29.0	30.0	31.0	32.0	33.0	34.0	35.0	36.0	37.0	38.0	39.0	40.0
131415M4_R1_001	8.0	1075.0	19663.0	76961.0	134323.0	197331.0	283389.0	414285.0	695390.0	1715177.0	10947601.0	1565157.0	257186.0	1360490.0	447680.0
	26.0	27.0	28.0	29.0	30.0	31.0	32.0	33.0	34.0	35.0	36.0	37.0	38.0	39.0	40.0
131415M4_R2_001	7.0	885.0	21779.0	112659.0	189227.0	274358.0	425729.0	691740.0	1318004.0	3428050.0	9320685.0	531400.0	364557.0	1191794.0	244842.0
	26.0	27.0	28.0	29.0	30.0	31.0	32.0	33.0	34.0	35.0	36.0	37.0	38.0	39.0	40.0
131415M9_R1_001	5.0	1067.0	17861.0	72668.0	129381.0	191080.0	273867.0	397799.0	659565.0	1608224.0	11336086.0	1793820.0	180447.0	1008573.0	413918.0
	26.0	27.0	28.0	29.0	30.0	31.0	32.0	33.0	34.0	35.0	36.0	37.0	38.0	39.0	40.0
131415M9_R2_001	4.0	803.0	22666.0	121585.0	206333.0	295179.0	450743.0	738772.0	1430385.0	3781528.0	9176192.0	401928.0	243566.0	974611.0	240066.0
	26.0	27.0	28.0	29.0	30.0	31.0	32.0	33.0	34.0	35.0	36.0	37.0
13M14_R1_001	12.0	1554.0	25432.0	95976.0	164307.0	236534.0	329079.0	468112.0	770772.0	1872279.0	12148160.0	1637813.0
	26.0	27.0	28.0	29.0	30.0	31.0	32.0	33.0	34.0	35.0	36.0	37.0
13M14_R2_001	2.0	1138.0	21604.0	106502.0	183083.0	263249.0	398797.0	664110.0	1312851.0	3652801.0	10706466.0	439427.0
	26.0	27.0	28.0	29.0	30.0	31.0	32.0	33.0	34.0	35.0	36.0	37.0	38.0	39.0	40.0
456C4_R1_001	5.0	804.0	15329.0	66690.0	119702.0	177903.0	258244.0	374490.0	621593.0	1495178.0	10214826.0	1771929.0	364253.0	2062379.0	809962.0
	26.0	27.0	28.0	29.0	30.0	31.0	32.0	33.0	34.0	35.0	36.0	37.0	38.0	39.0	40.0
456C4_R2_001	6.0	793.0	17047.0	90900.0	157400.0	231926.0	368511.0	591135.0	1103051.0	2867916.0	9335013.0	744002.0	546679.0	1924633.0	374275.0
	26.0	27.0	28.0	29.0	30.0	31.0	32.0	33.0	34.0	35.0	36.0	37.0	38.0	39.0	40.0
456H4_R1_001	7.0	1140.0	18858.0	72842.0	125933.0	184327.0	263247.0	380341.0	629836.0	1521895.0	9089012.0	1308305.0	362126.0	2074527.0	822523.0
	26.0	27.0	28.0	29.0	30.0	31.0	32.0	33.0	34.0	35.0	36.0	37.0	38.0	39.0	40.0
456H4_R2_001	3.0	951.0	17738.0	84066.0	143742.0	215104.0	345251.0	563830.0	1080218.0	2851182.0	8065558.0	566096.0	520382.0	1929142.0	471656.0
	26.0	27.0	28.0	29.0	30.0	31.0	32.0	33.0	34.0	35.0	36.0	37.0
456H9_R1_001	13.0	2257.0	34046.0	123649.0	209264.0	299720.0	426113.0	629507.0	1080323.0	2696968.0	14335965.0	1619206.0
	26.0	27.0	28.0	29.0	30.0	31.0	32.0	33.0	34.0	35.0	36.0	37.0
456H9_R2_001	14.0	1983.0	41132.0	183432.0	298893.0	421191.0	631558.0	1032105.0	1950581.0	4835574.0	11641454.0	419114.0
	26.0	27.0	28.0	29.0	30.0	31.0	32.0	33.0	34.0	35.0	36.0	37.0	38.0	39.0	40.0
456L14_R1_001	6.0	1006.0	17901.0	70174.0	121403.0	177523.0	256488.0	373873.0	629722.0	1548703.0	9388739.0	1421573.0	454245.0	2437128.0	984864.0
	26.0	27.0	28.0	29.0	30.0	31.0	32.0	33.0	34.0	35.0	36.0	37.0	38.0	39.0	40.0
456L14_R2_001	5.0	785.0	18409.0	93703.0	157144.0	233178.0	375464.0	605957.0	1132909.0	2863497.0	8211379.0	682277.0	591772.0	2268998.0	647871.0
	26.0	27.0	28.0	29.0	30.0	31.0	32.0	33.0	34.0	35.0	36.0	37.0
456L4_R1_001	11.0	1741.0	29807.0	110810.0	183245.0	258095.0	356330.0	507447.0	834260.0	2018401.0	11495976.0	1447727.0
	26.0	27.0	28.0	29.0	30.0	31.0	32.0	33.0	34.0	35.0	36.0	37.0
456L4_R2_001	2.0	1347.0	24515.0	108861.0	184228.0	266264.0	406955.0	683095.0	1341098.0	3623113.0	10175806.0	428566.0
	26.0	27.0	28.0	29.0	30.0	31.0	32.0	33.0	34.0	35.0	36.0	37.0
456L9_R1_001	6.0	1460.0	23000.0	88424.0	153624.0	222050.0	313197.0	455832.0	762635.0	1898193.0	11965126.0	1570616.0
	26.0	27.0	28.0	29.0	30.0	31.0	32.0	33.0	34.0	35.0	36.0	37.0
456L9_R2_001	8.0	1044.0	22733.0	116664.0	197112.0	279530.0	420704.0	698925.0	1361718.0	3661780.0	10260155.0	433790.0
	26.0	27.0	28.0	29.0	30.0	31.0	32.0	33.0	34.0	35.0	36.0	37.0
456M14_R1_001	10.0	1113.0	19970.0	80966.0	143199.0	210085.0	298227.0	433686.0	729239.0	1823351.0	12343630.0	1680728.0
	26.0	27.0	28.0	29.0	30.0	31.0	32.0	33.0	34.0	35.0	36.0	37.0
456M14_R2_001	3.0	907.0	23942.0	128606.0	216955.0	304660.0	453062.0	743249.0	1434253.0	3806735.0	10264731.0	387101.0
	26.0	27.0	28.0	29.0	30.0	31.0	32.0	33.0	34.0	35.0	36.0	37.0	38.0	39.0	40.0
456M4_R1_001	5.0	1219.0	19567.0	76066.0	134562.0	197198.0	283943.0	415376.0	699975.0	1727565.0	11476090.0	1755178.0	170283.0	906598.0	322884.0
	26.0	27.0	28.0	29.0	30.0	31.0	32.0	33.0	34.0	35.0	36.0	37.0	38.0	39.0	40.0
456M4_R2_001	4.0	1008.0	24201.0	121484.0	202235.0	286467.0	437787.0	709538.0	1344819.0	3466589.0	9830648.0	555274.0	240702.0	795571.0	170182.0
	26.0	27.0	28.0	29.0	30.0	31.0	32.0	33.0	34.0	35.0	36.0	37.0	38.0	39.0	40.0
456M9_R1_001	5.0	1049.0	17653.0	68665.0	117154.0	169897.0	241261.0	345757.0	570819.0	1373401.0	8288950.0	1242508.0	446330.0	2587402.0	1062798.0
	26.0	27.0	28.0	29.0	30.0	31.0	32.0	33.0	34.0	35.0	36.0	37.0	38.0	39.0	40.0
456M9_R2_001	5.0	817.0	15078.0	72995.0	125450.0	191691.0	319252.0	516486.0	976335.0	2547330.0	7484820.0	666344.0	665923.0	2398214.0	552909.0
	26.0	27.0	28.0	29.0	30.0	31.0	32.0	33.0	34.0	35.0	36.0	37.0
45C14_R1_001	15.0	1801.0	29410.0	107802.0	181262.0	257563.0	361345.0	519844.0	868141.0	2133741.0	12236684.0	1464052.0
	26.0	27.0	28.0	29.0	30.0	31.0	32.0	33.0	34.0	35.0	36.0	37.0
45C14_R2_001	12.0	1565.0	29308.0	132006.0	219642.0	314038.0	474087.0	784563.0	1505062.0	3949209.0	10364863.0	387305.0
	26.0	27.0	28.0	29.0	30.0	31.0	32.0	33.0	34.0	35.0	36.0	37.0	38.0	39.0	40.0
45C9_R1_001	9.0	1150.0	18483.0	67666.0	114608.0	167514.0	239682.0	344547.0	569222.0	1368204.0	8295395.0	1258669.0	518610.0	2793060.0	1100195.0
	26.0	27.0	28.0	29.0	30.0	31.0	32.0	33.0	34.0	35.0	36.0	37.0	38.0	39.0	40.0
45C9_R2_001	7.0	828.0	15869.0	75368.0	128887.0	195763.0	328538.0	529326.0	1001264.0	2624697.0	7418508.0	652371.0	753031.0	2572231.0	560326.0
	26.0	27.0	28.0	29.0	30.0	31.0	32.0	33.0	34.0	35.0	36.0	37.0	38.0	39.0	40.0
45H14_R1_001	8.0	1545.0	23286.0	84628.0	142902.0	207844.0	299567.0	435267.0	731540.0	1757285.0	9238694.0	1246716.0	477375.0	2329546.0	812725.0
	26.0	27.0	28.0	29.0	30.0	31.0	32.0	33.0	34.0	35.0	36.0	37.0	38.0	39.0	40.0
45H14_R2_001	6.0	1219.0	23023.0	98173.0	163120.0	243335.0	385367.0	626682.0	1184095.0	3024456.0	8105781.0	592632.0	614505.0	2220250.0	506284.0
	26.0	27.0	28.0	29.0	30.0	31.0	32.0	33.0	34.0	35.0	36.0	37.0
67C9_R1_001	8.0	1462.0	26585.0	104606.0	181892.0	262263.0	369462.0	532974.0	885231.0	2172615.0	14151379.0	1971573.0
	26.0	27.0	28.0	29.0	30.0	31.0	32.0	33.0	34.0	35.0	36.0	37.0
67C9_R2_001	3.0	1342.0	27394.0	137611.0	233584.0	332801.0	499094.0	821090.0	1590851.0	4265207.0	12237563.0	513510.0
	26.0	27.0	28.0	29.0	30.0	31.0	32.0	33.0	34.0	35.0	36.0	37.0	38.0	39.0	40.0
6C14_R1_001	4.0	1209.0	21075.0	85308.0	148875.0	216908.0	306417.0	441032.0	726524.0	1765306.0	11873422.0	1741205.0	128411.0	741007.0	278312.0
	26.0	27.0	28.0	29.0	30.0	31.0	32.0	33.0	34.0	35.0	36.0	37.0	38.0	39.0	40.0
6C14_R2_001	3.0	995.0	20886.0	109533.0	187228.0	270207.0	409107.0	672370.0	1295975.0	3498981.0	10441796.0	512471.0	170095.0	701606.0	183762.0
	26.0	27.0	28.0	29.0	30.0	31.0	32.0	33.0	34.0	35.0	36.0	37.0	38.0	39.0	40.0
789C4_R1_001	4.0	2442.0	32869.0	106180.0	173130.0	258387.0	373749.0	549137.0	937619.0	2202100.0	7008843.0	760701.0	734072.0	3096585.0	1198255.0
	26.0	27.0	28.0	29.0	30.0	31.0	32.0	33.0	34.0	35.0	36.0	37.0	38.0	39.0	40.0
789C4_R2_001	15.0	2448.0	34596.0	108751.0	177470.0	289585.0	479557.0	769038.0	1395222.0	3056991.0	5984905.0	770959.0	1062175.0	2714732.0	587629.0
	26.0	27.0	28.0	29.0	30.0	31.0	32.0	33.0	34.0	35.0	36.0	37.0
789H14_R1_001	4.0	1038.0	19966.0	79646.0	140702.0	205774.0	290606.0	423172.0	706354.0	1763357.0	12109624.0	1730422.0
	26.0	27.0	28.0	29.0	30.0	31.0	32.0	33.0	34.0	35.0	36.0	37.0
789H14_R2_001	5.0	864.0	21177.0	116262.0	198009.0	282968.0	424634.0	701625.0	1367228.0	3690853.0	10234951.0	432089.0
	26.0	27.0	28.0	29.0	30.0	31.0	32.0	33.0	34.0	35.0	36.0	37.0
789H4_R1_001	8.0	1113.0	21576.0	87711.0	155294.0	227277.0	323064.0	469312.0	782520.0	1936979.0	12870445.0	1746942.0
	26.0	27.0	28.0	29.0	30.0	31.0	32.0	33.0	34.0	35.0	36.0	37.0
789H4_R2_001	2.0	960.0	25496.0	135547.0	228069.0	324975.0	485833.0	803058.0	1562967.0	4169295.0	10541675.0	344364.0
	26.0	27.0	28.0	29.0	30.0	31.0	32.0	33.0	34.0	35.0	36.0	37.0	38.0	39.0	40.0
789H9_R1_001	3.0	1040.0	18763.0	76120.0	133444.0	195892.0	279836.0	406623.0	684593.0	1711156.0	11105373.0	1472278.0	214485.0	1165890.0	381517.0
	26.0	27.0	28.0	29.0	30.0	31.0	32.0	33.0	34.0	35.0	36.0	37.0	38.0	39.0	40.0
789H9_R2_001	6.0	741.0	20572.0	111444.0	188445.0	272338.0	423262.0	691103.0	1322320.0	3488082.0	9336769.0	484762.0	317678.0	1003438.0	186053.0
	26.0	27.0	28.0	29.0	30.0	31.0	32.0	33.0	34.0	35.0	36.0	37.0	38.0	39.0	40.0
789L14_R1_001	9.0	1033.0	18961.0	74779.0	131218.0	191075.0	272401.0	394536.0	660377.0	1648699.0	10642423.0	1460218.0	237824.0	1397413.0	573094.0
	26.0	27.0	28.0	29.0	30.0	31.0	32.0	33.0	34.0	35.0	36.0	37.0	38.0	39.0	40.0
789L14_R2_001	4.0	788.0	21304.0	110127.0	184056.0	267260.0	417947.0	682889.0	1300965.0	3377929.0	8806028.0	536484.0	318645.0	1292960.0	386674.0
	26.0	27.0	28.0	29.0	30.0	31.0	32.0	33.0	34.0	35.0	36.0	37.0
789L4_R1_001	5.0	1232.0	21007.0	83854.0	146908.0	213526.0	300389.0	433684.0	718320.0	1761811.0	12451730.0	1955246.0
	26.0	27.0	28.0	29.0	30.0	31.0	32.0	33.0	34.0	35.0	36.0	37.0
789L4_R2_001	4.0	956.0	22412.0	119059.0	201421.0	285266.0	428134.0	708191.0	1380871.0	3713994.0	10777358.0	450046.0
	26.0	27.0	28.0	29.0	30.0	31.0	32.0	33.0	34.0	35.0	36.0	37.0
789L9_R1_001	8.0	1269.0	21171.0	83202.0	146135.0	216042.0	309773.0	458168.0	787163.0	1996551.0	12218334.0	1487132.0
	26.0	27.0	28.0	29.0	30.0	31.0	32.0	33.0	34.0	35.0	36.0	37.0
789L9_R2_001	2.0	1011.0	26367.0	136529.0	227047.0	320179.0	480867.0	787471.0	1508396.0	3909728.0	9973782.0	353569.0
	26.0	27.0	28.0	29.0	30.0	31.0	32.0	33.0	34.0	35.0	36.0	37.0
789M14_R1_001	7.0	1502.0	25725.0	99880.0	170995.0	248274.0	347917.0	504944.0	843661.0	2101766.0	13944603.0	1860453.0
	26.0	27.0	28.0	29.0	30.0	31.0	32.0	33.0	34.0	35.0	36.0	37.0
789M14_R2_001	9.0	1132.0	27032.0	139359.0	232581.0	328741.0	488118.0	801826.0	1555897.0	4194723.0	11891995.0	488314.0
	26.0	27.0	28.0	29.0	30.0	31.0	32.0	33.0	34.0	35.0	36.0	37.0
789M4_R1_001	13.0	1603.0	26425.0	96743.0	164943.0	238718.0	336038.0	491113.0	823833.0	2039564.0	12849978.0	1713503.0
	26.0	27.0	28.0	29.0	30.0	31.0	32.0	33.0	34.0	35.0	36.0	37.0
789M4_R2_001	6.0	1287.0	28215.0	136183.0	224131.0	315427.0	468963.0	768041.0	1472501.0	3881845.0	11036627.0	449248.0
	26.0	27.0	28.0	29.0	30.0	31.0	32.0	33.0	34.0	35.0	36.0	37.0	38.0	39.0	40.0
7C14_R1_001	6.0	1304.0	21468.0	82189.0	141667.0	204660.0	289029.0	418438.0	693540.0	1700455.0	10946656.0	1503791.0	191134.0	1129353.0	477980.0
	26.0	27.0	28.0	29.0	30.0	31.0	32.0	33.0	34.0	35.0	36.0	37.0	38.0	39.0	40.0
7C14_R2_001	8.0	1020.0	22539.0	113213.0	189085.0	271812.0	418531.0	685583.0	1321902.0	3518300.0	9186896.0	450555.0	271526.0	1066496.0	284204.0
	26.0	27.0	28.0	29.0	30.0	31.0	32.0	33.0	34.0	35.0	36.0	37.0
89C14_R1_001	10.0	1336.0	24481.0	95459.0	170058.0	249901.0	355487.0	521521.0	884982.0	2230427.0	14619719.0	1831666.0
	26.0	27.0	28.0	29.0	30.0	31.0	32.0	33.0	34.0	35.0	36.0	37.0
89C14_R2_001	3.0	1088.0	30083.0	160890.0	268211.0	377162.0	560958.0	919657.0	1774831.0	4698678.0	11814009.0	379477.0
	26.0	27.0	28.0	29.0	30.0	31.0	32.0	33.0	34.0	35.0	36.0	37.0	38.0	39.0	40.0
89C9_R1_001	13.0	1314.0	22235.0	82996.0	141717.0	203347.0	288939.0	418755.0	695806.0	1713380.0	10554164.0	1430767.0	285005.0	1517601.0	583515.0
	26.0	27.0	28.0	29.0	30.0	31.0	32.0	33.0	34.0	35.0	36.0	37.0	38.0	39.0	40.0
89C9_R2_001	6.0	1014.0	21267.0	103999.0	173537.0	252553.0	394272.0	643330.0	1232910.0	3268409.0	9139869.0	541543.0	377200.0	1423681.0	365964.0
	26.0	27.0	28.0	29.0	30.0	31.0	32.0	33.0	34.0	35.0	36.0	37.0	38.0	39.0	40.0
89M9_R1_001	6.0	1086.0	17872.0	72409.0	127856.0	185050.0	265469.0	384249.0	639335.0	1572609.0	10240997.0	1502525.0	327045.0	1882407.0	625553.0
	26.0	27.0	28.0	29.0	30.0	31.0	32.0	33.0	34.0	35.0	36.0	37.0	38.0	39.0	40.0
89M9_R2_001	4.0	779.0	17762.0	91126.0	155452.0	230592.0	368897.0	598413.0	1141866.0	3013558.0	9098438.0	670470.0	491907.0	1634276.0	330928.0

