Sample	17	22	27	32	37	42	47	52	57	62	67	72	77	82	87	92	97	102	107	112	117	122	127	132	137	142	147	150
101112C14_R1_001	1169.0	133.0	158.0	6524.0	8243.0	8799.0	9037.0	8868.0	9174.0	9437.0	9264.0	10225.0	10869.0	13417.0	15850.0	21534.0	27088.0	36722.0	46970.0	61595.0	74876.0	93286.0	108410.0	127015.0	159317.0	207920.0	177800.0	16270243.0
101112C14_R2_001	1179.0	112.0	164.0	6553.0	8254.0	8808.0	8962.0	8886.0	9161.0	9429.0	9241.0	10227.0	10918.0	13371.0	15788.0	21537.0	27076.0	36613.0	47012.0	61698.0	74838.0	93236.0	108546.0	126978.0	159687.0	207578.0	177776.0	16270315.0
101112C4_R1_001	261.0	186.0	241.0	7142.0	9003.0	8971.0	9204.0	9103.0	9095.0	9345.0	9523.0	10351.0	11377.0	13469.0	16042.0	21102.0	26963.0	37234.0	47529.0	63449.0	79029.0	100673.0	118313.0	140742.0	177998.0	225292.0	200892.0	16643954.0
101112C4_R2_001	268.0	188.0	227.0	7141.0	9003.0	8975.0	9167.0	9080.0	9056.0	9323.0	9464.0	10323.0	11288.0	13440.0	16028.0	21090.0	26946.0	37159.0	47535.0	63451.0	79027.0	100770.0	118420.0	140646.0	178187.0	226227.0	201034.0	16643020.0
101112C9_R1_001	120.0	147.0	189.0	7196.0	9134.0	9302.0	9617.0	9033.0	9663.0	9669.0	9765.0	10342.0	11212.0	13014.0	15398.0	19762.0	25366.0	34784.0	44676.0	59367.0	73302.0	94718.0	110558.0	131802.0	161346.0	208848.0	190444.0	16320065.0
101112C9_R2_001	50.0	67.0	68.0	7214.0	9171.0	9267.0	9566.0	9028.0	9638.0	9642.0	9746.0	10287.0	11198.0	12987.0	15372.0	19791.0	25405.0	34915.0	44665.0	59328.0	73315.0	94624.0	110667.0	131875.0	161340.0	199229.0	173071.0	16347313.0
101112H14_R1_001	92.0	124.0	171.0	6194.0	7677.0	7979.0	8342.0	7885.0	8426.0	8576.0	8829.0	10004.0	11690.0	15410.0	20212.0	28621.0	38905.0	55795.0	73576.0	99204.0	122944.0	153518.0	177082.0	207440.0	244803.0	294582.0	271736.0	15759088.0
101112H14_R2_001	40.0	72.0	76.0	6152.0	7702.0	7967.0	8306.0	7927.0	8378.0	8535.0	8788.0	9972.0	11623.0	15354.0	20151.0	28635.0	38954.0	55837.0	73573.0	99126.0	122962.0	153553.0	177056.0	207421.0	244822.0	286622.0	254916.0	15784385.0
101112H4_R1_001	201.0	260.0	280.0	7229.0	8649.0	9053.0	9254.0	9306.0	9802.0	9970.0	10446.0	12542.0	14762.0	19078.0	24987.0	34424.0	45511.0	62621.0	78633.0	104409.0	125111.0	152467.0	173165.0	197320.0	231344.0	276210.0	252314.0	16190461.0
101112H4_R2_001	65.0	104.0	90.0	7164.0	8617.0	9035.0	9235.0	9301.0	9744.0	9929.0	10429.0	12521.0	14804.0	19043.0	24952.0	34562.0	45530.0	62828.0	78684.0	104248.0	125132.0	152421.0	173167.0	197614.0	231360.0	266414.0	233396.0	16219420.0
101112H9_R1_001	123.0	172.0	212.0	7439.0	9832.0	9790.0	10286.0	9700.0	10123.0	9955.0	9653.0	10093.0	10862.0	12290.0	14437.0	17979.0	22385.0	29431.0	36224.0	46003.0	54278.0	66312.0	74830.0	87929.0	115445.0	162425.0	131897.0	17479865.0
101112H9_R2_001	73.0	105.0	110.0	7428.0	9805.0	9786.0	10272.0	9698.0	10131.0	9907.0	9642.0	10045.0	10890.0	12240.0	14350.0	18093.0	22422.0	29466.0	36229.0	45906.0	54226.0	66217.0	74751.0	87874.0	115041.0	153116.0	113592.0	17508555.0
101112L14_R1_001	112.0	132.0	175.0	6892.0	8778.0	8951.0	8695.0	8660.0	9093.0	9212.0	9070.0	9572.0	10702.0	13245.0	16122.0	22298.0	29299.0	41175.0	54024.0	73361.0	92599.0	116800.0	137704.0	162388.0	191918.0	242176.0	235825.0	16844450.0
101112L14_R2_001	125.0	155.0	164.0	6888.0	8761.0	8916.0	8680.0	8645.0	9057.0	9152.0	9059.0	9555.0	10688.0	13182.0	16044.0	22277.0	29270.0	41134.0	54053.0	73289.0	92505.0	116708.0	137671.0	162339.0	192119.0	242216.0	235550.0	16845226.0
101112L4_R1_001	1017.0	239.0	308.0	7065.0	8830.0	8875.0	8609.0	8669.0	8890.0	9089.0	8941.0	9918.0	10977.0	13209.0	15930.0	21541.0	28090.0	39055.0	50983.0	69829.0	88221.0	113920.0	134655.0	161609.0	200021.0	250824.0	231153.0	16355907.0
101112L4_R2_001	1047.0	215.0	259.0	7072.0	8838.0	8864.0	8635.0	8653.0	8874.0	9027.0	8901.0	9867.0	10923.0	13099.0	15886.0	21583.0	28217.0	39088.0	50823.0	69789.0	88154.0	113996.0	135049.0	161610.0	200419.0	251384.0	231056.0	16355046.0
101112L9_R1_001	72.0	98.0	151.0	7262.0	9164.0	9102.0	9435.0	9207.0	9418.0	9529.0	9801.0	10597.0	11706.0	14735.0	19005.0	26377.0	35455.0	49724.0	64957.0	85243.0	104150.0	128598.0	145049.0	168194.0	197747.0	247655.0	220866.0	16801568.0
101112L9_R2_001	30.0	67.0	63.0	7233.0	9121.0	9111.0	9388.0	9149.0	9387.0	9494.0	9774.0	10582.0	11647.0	14749.0	19000.0	26394.0	35501.0	49787.0	65005.0	85179.0	104126.0	128578.0	145062.0	167990.0	198015.0	238957.0	203448.0	16828028.0
101112M14_R1_001	64.0	117.0	128.0	6775.0	8943.0	8748.0	8974.0	8727.0	9004.0	9315.0	8954.0	9331.0	10121.0	12077.0	14636.0	20251.0	26861.0	38207.0	50217.0	67536.0	83367.0	103167.0	118042.0	137376.0	164808.0	210250.0	189052.0	16345391.0
101112M14_R2_001	75.0	100.0	120.0	6793.0	8938.0	8772.0	8953.0	8705.0	9010.0	9323.0	8921.0	9342.0	10161.0	12046.0	14663.0	20164.0	26822.0	38210.0	50207.0	67648.0	83239.0	103012.0	118007.0	137315.0	165041.0	211322.0	188684.0	16344846.0
101112M4_R1_001	219.0	288.0	388.0	6854.0	8467.0	8761.0	9485.0	9044.0	9410.0	9617.0	10428.0	11537.0	13083.0	16919.0	20838.0	28362.0	36610.0	49942.0	61919.0	80859.0	97973.0	118669.0	135379.0	155474.0	182922.0	224370.0	204085.0	15975869.0
101112M4_R2_001	64.0	89.0	109.0	6765.0	8482.0	8769.0	9468.0	9001.0	9364.0	9575.0	10382.0	11546.0	13070.0	16834.0	20810.0	28414.0	36800.0	50104.0	61973.0	80820.0	97946.0	118744.0	135512.0	155517.0	183312.0	214753.0	186101.0	16003447.0
101112M9_R1_001	478.0	231.0	246.0	6293.0	7863.0	8528.0	8801.0	8965.0	9872.0	10803.0	12617.0	16225.0	21465.0	31293.0	43016.0	62157.0	82549.0	111953.0	137617.0	169313.0	192215.0	217392.0	232240.0	248074.0	267463.0	303136.0	274765.0	15704708.0
101112M9_R2_001	60.0	64.0	86.0	6258.0	7858.0	8500.0	8785.0	8949.0	9832.0	10748.0	12613.0	16164.0	21499.0	31207.0	42979.0	62469.0	82631.0	112047.0	137601.0	169237.0	192021.0	217375.0	232223.0	247962.0	267062.0	295702.0	258147.0	15730199.0
123C14_R1_001	153.0	136.0	155.0	6103.0	7657.0	7889.0	8041.0	8306.0	8328.0	8460.0	8695.0	9863.0	11336.0	13972.0	18035.0	24763.0	32320.0	45054.0	57745.0	78281.0	97103.0	124250.0	146887.0	174341.0	208902.0	260238.0	248701.0	15621658.0
123C14_R2_001	41.0	67.0	67.0	6073.0	7643.0	7872.0	8020.0	8248.0	8272.0	8439.0	8693.0	9866.0	11317.0	13996.0	17990.0	24926.0	32439.0	45209.0	57776.0	78172.0	97025.0	124270.0	146924.0	174244.0	208856.0	251906.0	231918.0	15647103.0
123C4_R1_001	76.0	122.0	183.0	6091.0	7690.0	8217.0	8306.0	8436.0	8890.0	9096.0	9691.0	11745.0	14660.0	20361.0	29018.0	43632.0	61135.0	88723.0	115070.0	152698.0	180683.0	217270.0	240039.0	267643.0	301625.0	352294.0	316269.0	15591708.0
123C4_R2_001	36.0	78.0	75.0	6057.0	7687.0	8182.0	8306.0	8411.0	8871.0	9026.0	9624.0	11713.0	14661.0	20372.0	29002.0	43670.0	61201.0	88795.0	115032.0	152734.0	180428.0	217211.0	239943.0	267610.0	301778.0	344201.0	300767.0	15615900.0
123C9_R1_001	171.0	165.0	176.0	6663.0	8668.0	9106.0	9687.0	9656.0	9872.0	9930.0	10489.0	11584.0	12851.0	16218.0	19633.0	26430.0	32987.0	45267.0	57275.0	75473.0	89965.0	114861.0	134661.0	163699.0	197145.0	254946.0	237072.0	16660441.0
123C9_R2_001	31.0	61.0	98.0	6666.0	8659.0	9063.0	9702.0	9634.0	9827.0	9873.0	10449.0	11557.0	12829.0	16190.0	19556.0	26469.0	32988.0	45384.0	57292.0	75407.0	89922.0	114902.0	134627.0	163459.0	197258.0	246144.0	219969.0	16687075.0
123H14_R1_001	127.0	112.0	144.0	5955.0	7528.0	7606.0	8059.0	7978.0	8233.0	8488.0	8777.0	10202.0	12258.0	17064.0	24167.0	36152.0	50840.0	72062.0	93173.0	117569.0	136851.0	159924.0	174327.0	191259.0	215532.0	256892.0	232152.0	16003822.0
123H14_R2_001	134.0	115.0	128.0	5931.0	7491.0	7595.0	8054.0	7946.0	8201.0	8453.0	8706.0	10161.0	12245.0	17016.0	24084.0	36041.0	50852.0	72053.0	92972.0	117437.0	136797.0	159864.0	174157.0	191170.0	215906.0	256848.0	231879.0	16005017.0
123H4_R1_001	251.0	220.0	272.0	6429.0	8072.0	8716.0	8857.0	9041.0	9563.0	10425.0	11112.0	14101.0	17135.0	23222.0	30277.0	43918.0	57843.0	78683.0	99784.0	129506.0	154018.0	186948.0	208383.0	236826.0	270936.0	316981.0	285802.0	15175606.0
123H4_R2_001	62.0	88.0	119.0	6388.0	8064.0	8700.0	8851.0	8991.0	9531.0	10403.0	11124.0	14049.0	17102.0	23240.0	30273.0	44053.0	58047.0	78761.0	99693.0	129414.0	154089.0	187082.0	208390.0	236841.0	270993.0	309089.0	269030.0	15200460.0
123H9_R1_001	704.0	288.0	370.0	6167.0	7447.0	7910.0	7759.0	8086.0	8321.0	8541.0	8962.0	11487.0	13751.0	20445.0	29667.0	46976.0	69947.0	105500.0	142643.0	194484.0	229151.0	278727.0	305041.0	344667.0	381846.0	432325.0	396862.0	15078686.0
123H9_R2_001	82.0	147.0	146.0	6068.0	7393.0	7906.0	7735.0	8062.0	8238.0	8485.0	8919.0	11413.0	13676.0	20314.0	29666.0	47491.0	70076.0	105481.0	142574.0	194514.0	229114.0	278352.0	305020.0	344591.0	381857.0	425587.0	379802.0	15104051.0
123L14_R1_001	197.0	248.0	280.0	5653.0	7429.0	7447.0	8388.0	8118.0	8847.0	8893.0	9508.0	10981.0	13080.0	16917.0	21357.0	29262.0	38099.0	52340.0	66962.0	87597.0	106771.0	134678.0	156568.0	182785.0	218483.0	273313.0	241420.0	15389125.0
123L14_R2_001	78.0	96.0	99.0	5606.0	7431.0	7417.0	8365.0	8118.0	8764.0	8782.0	9467.0	10907.0	13012.0	16874.0	21315.0	29329.0	38185.0	52412.0	66908.0	87547.0	106716.0	134784.0	156524.0	182802.0	218664.0	266527.0	226911.0	15411106.0
123L4_R1_001	236.0	383.0	346.0	7214.0	8923.0	9067.0	9293.0	9003.0	9800.0	9681.0	10032.0	11373.0	12750.0	15972.0	19530.0	25981.0	32955.0	45324.0	56764.0	75682.0	92249.0	118417.0	139608.0	168565.0	217117.0	276577.0	234651.0	16156309.0
123L4_R2_001	99.0	143.0	176.0	7145.0	8900.0	9095.0	9264.0	8932.0	9768.0	9640.0	9970.0	11332.0	12718.0	15882.0	19511.0	26114.0	33024.0	45408.0	56874.0	75405.0	92260.0	118461.0	139657.0	169112.0	218663.0	268039.0	217127.0	16181083.0
123L9_R1_001	197.0	140.0	160.0	5542.0	6945.0	7171.0	7227.0	7461.0	7734.0	8009.0	8841.0	10656.0	13277.0	18655.0	26070.0	37785.0	51381.0	72123.0	90732.0	113625.0	132327.0	155099.0	170584.0	188858.0	213158.0	254442.0	235413.0	15506372.0
123L9_R2_001	49.0	44.0	77.0	5514.0	6926.0	7181.0	7203.0	7424.0	7712.0	7986.0	8772.0	10655.0	13287.0	18594.0	26061.0	37849.0	51464.0	72204.0	90686.0	113489.0	132303.0	154976.0	170583.0	188750.0	213061.0	245120.0	218275.0	15533739.0
123M4_R1_001	270.0	321.0	396.0	6514.0	8455.0	8848.0	9096.0	9364.0	9753.0	10388.0	11353.0	13646.0	16261.0	21707.0	28775.0	40514.0	53816.0	73808.0	92743.0	120205.0	141666.0	171945.0	188539.0	212972.0	246101.0	292784.0	255205.0	15849443.0
123M4_R2_001	55.0	112.0	104.0	6453.0	8458.0	8835.0	9061.0	9363.0	9714.0	10353.0	11313.0	13640.0	16217.0	21656.0	28675.0	40675.0	54051.0	74022.0	92734.0	120013.0	141553.0	171897.0	188360.0	213076.0	246427.0	284293.0	238906.0	15874872.0
123M9_R1_001	114.0	144.0	164.0	6419.0	8226.0	8454.0	8306.0	8561.0	8350.0	8245.0	8563.0	9368.0	10208.0	12200.0	14479.0	18868.0	23833.0	33212.0	42362.0	57237.0	72093.0	92565.0	111758.0	134323.0	166472.0	212918.0	205010.0	16263306.0
123M9_R2_001	140.0	148.0	177.0	6428.0	8206.0	8463.0	8303.0	8522.0	8294.0	8230.0	8549.0	9330.0	10152.0	12174.0	14394.0	18824.0	23839.0	33160.0	42336.0	57156.0	72039.0	92452.0	111873.0	134282.0	166801.0	213099.0	204800.0	16263587.0
131415C14_R1_001	78.0	106.0	154.0	6501.0	8156.0	8362.0	8196.0	8387.0	8651.0	8535.0	9066.0	10283.0	12094.0	15310.0	19811.0	27535.0	36470.0	52054.0	67560.0	89991.0	111407.0	137413.0	159757.0	185274.0	219988.0	267955.0	243314.0	16391778.0
131415C14_R2_001	46.0	56.0	83.0	6434.0	8135.0	8361.0	8171.0	8354.0	8587.0	8498.0	9077.0	10293.0	12068.0	15252.0	19823.0	27549.0	36456.0	52003.0	67533.0	90001.0	111386.0	137389.0	159859.0	185151.0	219843.0	259461.0	226320.0	16417997.0
131415C4_R1_001	236.0	311.0	405.0	6769.0	8696.0	9019.0	9092.0	9331.0	9738.0	10260.0	10890.0	12973.0	15854.0	21144.0	27227.0	38337.0	49582.0	69712.0	88707.0	117169.0	139602.0	170059.0	191122.0	220188.0	263953.0	314379.0	266812.0	16148209.0
131415C4_R2_001	75.0	122.0	153.0	6720.0	8700.0	9012.0	9084.0	9319.0	9691.0	10198.0	10876.0	12930.0	15815.0	21092.0	27145.0	38481.0	49537.0	69859.0	88892.0	117246.0	139516.0	169664.0	191269.0	220966.0	264463.0	307577.0	250441.0	16170933.0
131415C9_R1_001	116.0	148.0	182.0	6814.0	8806.0	8780.0	9225.0	9096.0	8913.0	9454.0	9616.0	10153.0	11059.0	13577.0	16354.0	21729.0	28148.0	38947.0	51152.0	67636.0	83604.0	106085.0	125523.0	149308.0	178994.0	227497.0	216086.0	16310977.0
131415C9_R2_001	61.0	69.0	69.0	6793.0	8803.0	8751.0	9190.0	9095.0	8906.0	9418.0	9569.0	10079.0	11033.0	13597.0	16348.0	21807.0	28143.0	38972.0	51133.0	67606.0	83493.0	106067.0	125574.0	149227.0	178932.0	218342.0	198493.0	16338409.0
131415H14_R1_001	105.0	121.0	176.0	6330.0	8183.0	8942.0	8996.0	9083.0	9154.0	9571.0	9979.0	11453.0	13394.0	18017.0	23401.0	33356.0	44754.0	62804.0	79621.0	105982.0	127751.0	155442.0	174841.0	198133.0	228693.0	275198.0	252408.0	16567733.0
131415H14_R2_001	38.0	72.0	74.0	6306.0	8227.0	8948.0	8980.0	9066.0	9128.0	9525.0	9985.0	11450.0	13379.0	18055.0	23383.0	33430.0	44758.0	62863.0	79541.0	105838.0	127823.0	155463.0	174667.0	197944.0	228711.0	266900.0	234791.0	16594276.0
131415H4_R1_001	280.0	222.0	293.0	7614.0	9314.0	9148.0	9641.0	9146.0	9509.0	9660.0	9605.0	10818.0	12325.0	15943.0	20941.0	30550.0	41399.0	59226.0	77626.0	105649.0	126784.0	156964.0	178107.0	206280.0	245381.0	294428.0	275512.0	17650035.0
131415H4_R2_001	283.0	184.0	248.0	7598.0	9337.0	9205.0	9610.0	9125.0	9475.0	9665.0	9537.0	10788.0	12340.0	15990.0	20912.0	30480.0	41518.0	59233.0	77593.0	105693.0	126810.0	156971.0	178178.0	206397.0	245468.0	294523.0	275820.0	17649419.0
131415H9_R1_001	89.0	122.0	166.0	6817.0	8555.0	8810.0	9051.0	8816.0	8942.0	8937.0	9081.0	9694.0	11035.0	13387.0	16607.0	23012.0	30384.0	42315.0	56252.0	74778.0	91196.0	115564.0	133130.0	156849.0	187678.0	236887.0	216187.0	16407117.0
131415H9_R2_001	42.0	58.0	87.0	6757.0	8543.0	8792.0	9028.0	8806.0	8917.0	8946.0	9066.0	9694.0	10984.0	13388.0	16620.0	23006.0	30439.0	42423.0	56125.0	74774.0	91216.0	115504.0	133082.0	157015.0	187651.0	228838.0	198654.0	16433003.0
131415L14_R1_001	209.0	93.0	143.0	7334.0	9047.0	9375.0	9395.0	9336.0	9234.0	9333.0	9060.0	9748.0	10677.0	12455.0	15018.0	19608.0	25315.0	35105.0	44872.0	60924.0	75739.0	94809.0	111634.0	131097.0	158209.0	204366.0	190850.0	17083707.0
131415L14_R2_001	33.0	54.0	74.0	7334.0	9035.0	9356.0	9389.0	9286.0	9203.0	9303.0	9032.0	9700.0	10697.0	12403.0	15031.0	19747.0	25311.0	35074.0	44890.0	60806.0	75571.0	94745.0	111599.0	130993.0	157827.0	194572.0	172400.0	17113227.0
131415L4_R1_001	357.0	657.0	578.0	10318.0	12375.0	11626.0	11207.0	11324.0	11251.0	10898.0	10150.0	12558.0	12805.0	14796.0	17806.0	21839.0	27445.0	36365.0	44424.0	59281.0	72032.0	95972.0	113816.0	149209.0	249100.0	337997.0	190284.0	16578409.0
131415L4_R2_001	413.0	430.0	539.0	10357.0	12472.0	11781.0	11110.0	11329.0	11088.0	10802.0	10273.0	12573.0	12709.0	14768.0	17763.0	22103.0	27552.0	36171.0	44424.0	59381.0	72209.0	96144.0	114597.0	149806.0	250436.0	340176.0	190708.0	16572765.0
131415L9_R1_001	176.0	178.0	204.0	7399.0	9073.0	9330.0	9492.0	9486.0	9575.0	9590.0	9485.0	10565.0	11317.0	13760.0	16677.0	22220.0	28461.0	39788.0	51850.0	68288.0	85494.0	107826.0	126657.0	149713.0	182286.0	231077.0	212950.0	16825025.0
131415L9_R2_001	52.0	59.0	82.0	7373.0	9072.0	9304.0	9444.0	9488.0	9564.0	9541.0	9518.0	10505.0	11319.0	13768.0	16658.0	22279.0	28466.0	39903.0	51846.0	68282.0	85445.0	107854.0	126712.0	149595.0	181853.0	222379.0	194657.0	16852924.0
131415M14_R1_001	727.0	187.0	227.0	6906.0	8813.0	9321.0	9519.0	9283.0	9662.0	9438.0	9595.0	10131.0	10923.0	12761.0	14797.0	19004.0	23911.0	32634.0	42109.0	56884.0	71959.0	91990.0	111986.0	136013.0	173835.0	228541.0	206443.0	17159392.0
131415M14_R2_001	61.0	90.0	96.0	6865.0	8782.0	9337.0	9493.0	9235.0	9629.0	9411.0	9574.0	10086.0	10928.0	12661.0	14747.0	19699.0	24060.0	32799.0	42085.0	56731.0	71923.0	92070.0	111885.0	135869.0	173859.0	219810.0	189019.0	17186187.0
131415M4_R1_001	121.0	155.0	240.0	7818.0	9640.0	10079.0	9983.0	10021.0	10181.0	10281.0	10285.0	11277.0	11631.0	14055.0	16537.0	20995.0	26834.0	35632.0	44537.0	58555.0	69496.0	84891.0	97783.0	115468.0	147195.0	194697.0	164913.0	16922416.0
131415M4_R2_001	40.0	91.0	118.0	7766.0	9638.0	10071.0	9978.0	10001.0	10181.0	10247.0	10254.0	11244.0	11620.0	14086.0	16519.0	21002.0	26852.0	35786.0	44597.0	58502.0	69345.0	84941.0	97721.0	115525.0	147855.0	185820.0	146561.0	16949355.0
131415M9_R1_001	99.0	125.0	148.0	6681.0	8327.0	8749.0	8747.0	8968.0	9097.0	9339.0	9179.0	10269.0	11706.0	13989.0	17279.0	22520.0	29019.0	39425.0	50856.0	66271.0	82173.0	105216.0	125829.0	152582.0	185996.0	237722.0	229693.0	16634357.0
131415M9_R2_001	27.0	35.0	56.0	6645.0	8335.0	8742.0	8739.0	8978.0	9072.0	9327.0	9151.0	10242.0	11714.0	13978.0	17241.0	22547.0	28995.0	39563.0	50842.0	66301.0	82137.0	105147.0	125819.0	152504.0	185562.0	228465.0	211322.0	16662875.0
13M14_R1_001	144.0	208.0	318.0	6259.0	7906.0	8148.0	8717.0	8931.0	9085.0	9325.0	9890.0	10804.0	12602.0	14890.0	18225.0	24653.0	32174.0	45537.0	59017.0	81652.0	103585.0	135644.0	161085.0	197354.0	247211.0	310957.0	272353.0	15953356.0
13M14_R2_001	152.0	229.0	311.0	6195.0	7931.0	8194.0	8693.0	8867.0	9032.0	9321.0	9889.0	10723.0	12552.0	14856.0	18215.0	24652.0	32119.0	45607.0	58978.0	81694.0	103455.0	135689.0	161057.0	197142.0	247344.0	310484.0	272351.0	15954298.0
456C4_R1_001	134.0	196.0	231.0	6723.0	8767.0	8737.0	8926.0	9035.0	9285.0	9308.0	9858.0	11552.0	13423.0	17498.0	23539.0	35261.0	47832.0	68276.0	88812.0	118160.0	141989.0	172139.0	196521.0	220745.0	251379.0	293400.0	284531.0	16297030.0
456C4_R2_001	36.0	65.0	83.0	6674.0	8763.0	8715.0	8905.0	9026.0	9237.0	9315.0	9876.0	11529.0	13377.0	17547.0	23596.0	35270.0	47848.0	68442.0	88827.0	118219.0	141952.0	172178.0	196575.0	220780.0	251370.0	282473.0	264845.0	16327764.0
456H4_R1_001	187.0	252.0	275.0	6615.0	8386.0	8901.0	8513.0	8646.0	8848.0	9210.0	8734.0	9910.0	11298.0	14191.0	18620.0	26532.0	35698.0	53242.0	68675.0	91642.0	109801.0	135758.0	152353.0	182596.0	228733.0	285969.0	235158.0	15126176.0
456H4_R2_001	62.0	126.0	172.0	6612.0	8358.0	8822.0	8507.0	8674.0	8828.0	9105.0	8670.0	9838.0	11261.0	14192.0	18580.0	26603.0	35767.0	53224.0	68702.0	91642.0	109823.0	135815.0	152463.0	182532.0	229471.0	280466.0	219964.0	15146640.0
456H9_R1_001	315.0	504.0	644.0	10354.0	12829.0	11918.0	12099.0	11515.0	11365.0	11263.0	11331.0	11895.0	12748.0	14780.0	17765.0	22324.0	28980.0	40125.0	51024.0	65775.0	80353.0	103425.0	120950.0	149213.0	241524.0	326657.0	193841.0	19881515.0
456H9_R2_001	331.0	472.0	597.0	10308.0	12656.0	11994.0	12076.0	11402.0	11298.0	11265.0	11331.0	11825.0	12666.0	14767.0	17665.0	22381.0	29076.0	40415.0	50831.0	65638.0	80421.0	103374.0	121162.0	149962.0	244226.0	328262.0	193753.0	19876877.0
456L14_R1_001	2573.0	221.0	273.0	5829.0	7303.0	7461.0	7939.0	8064.0	9025.0	9963.0	11835.0	14983.0	19386.0	27946.0	37381.0	53523.0	70847.0	97499.0	123470.0	157906.0	186491.0	224548.0	248761.0	275728.0	310716.0	357820.0	320780.0	15285077.0
456L14_R2_001	67.0	103.0	109.0	5814.0	7281.0	7458.0	7906.0	8044.0	9001.0	9856.0	11832.0	15008.0	19422.0	27857.0	37278.0	55960.0	70854.0	97620.0	123478.0	157905.0	186479.0	224576.0	248752.0	275473.0	311209.0	349625.0	305011.0	15309370.0
456L4_R1_001	234.0	307.0	363.0	7511.0	9041.0	9402.0	9078.0	8862.0	8935.0	9648.0	9788.0	11985.0	13395.0	17681.0	23195.0	33514.0	44164.0	61767.0	77428.0	101952.0	118161.0	147189.0	162981.0	195364.0	251782.0	314727.0	232935.0	15362461.0
456L4_R2_001	206.0	308.0	314.0	7505.0	8979.0	9434.0	8988.0	8837.0	8960.0	9646.0	9726.0	11870.0	13363.0	17606.0	23145.0	33584.0	44058.0	61866.0	77587.0	101824.0	118200.0	146952.0	163425.0	195703.0	253228.0	313728.0	232675.0	15362133.0
456L9_R1_001	874.0	207.0	322.0	6138.0	7856.0	7873.0	8346.0	8595.0	9082.0	9460.0	9806.0	12138.0	14461.0	18937.0	25313.0	36175.0	46832.0	65078.0	82484.0	109236.0	126455.0	153456.0	172042.0	191993.0	224243.0	273364.0	235726.0	15597671.0
456L9_R2_001	910.0	207.0	293.0	6091.0	7838.0	7840.0	8304.0	8532.0	9023.0	9455.0	9844.0	12075.0	14450.0	18838.0	25231.0	36074.0	46876.0	65068.0	82331.0	109135.0	126406.0	153604.0	172202.0	192102.0	224668.0	273011.0	235530.0	15598225.0
456M14_R1_001	106.0	121.0	158.0	6652.0	8667.0	8959.0	9181.0	8942.0	9179.0	9230.0	9348.0	9869.0	10973.0	13523.0	16432.0	22245.0	29325.0	40278.0	52594.0	70369.0	86999.0	108819.0	126573.0	147214.0	175911.0	221258.0	204639.0	16356640.0
456M14_R2_001	107.0	119.0	150.0	6655.0	8687.0	8912.0	9179.0	8893.0	9146.0	9171.0	9339.0	9814.0	10960.0	13467.0	16401.0	22272.0	29261.0	40213.0	52551.0	70316.0	87003.0	108921.0	126689.0	147119.0	175748.0	221528.0	204550.0	16357033.0
456M4_R1_001	246.0	330.0	342.0	7064.0	8932.0	9361.0	9452.0	9509.0	10053.0	9796.0	10356.0	11573.0	13062.0	15953.0	19506.0	26223.0	34320.0	47954.0	61607.0	82447.0	100495.0	126366.0	147107.0	172157.0	206294.0	253356.0	233001.0	16559647.0
456M4_R2_001	92.0	95.0	101.0	7027.0	8927.0	9311.0	9421.0	9490.0	10036.0	9798.0	10312.0	11508.0	13051.0	15913.0	19534.0	26379.0	34491.0	48121.0	61504.0	82306.0	100534.0	126544.0	146862.0	172126.0	206860.0	244062.0	213911.0	16588193.0
456M9_R1_001	247.0	289.0	357.0	6693.0	8467.0	8404.0	8751.0	8744.0	9108.0	9598.0	9959.0	12091.0	14639.0	20289.0	28303.0	41820.0	57095.0	85300.0	108151.0	140567.0	162918.0	195070.0	212042.0	241477.0	277716.0	324542.0	278571.0	14262441.0
456M9_R2_001	98.0	109.0	120.0	6649.0	8491.0	8331.0	8706.0	8714.0	9090.0	9581.0	9954.0	12045.0	14581.0	20236.0	28170.0	41934.0	57355.0	85362.0	107935.0	140403.0	162919.0	195054.0	212019.0	241586.0	277616.0	317158.0	264335.0	14285098.0
45C14_R1_001	3375.0	384.0	379.0	8050.0	9878.0	10169.0	9617.0	9827.0	9534.0	9561.0	9399.0	11012.0	11405.0	13360.0	16449.0	21301.0	27401.0	37719.0	47590.0	64824.0	78698.0	104250.0	121758.0	153477.0	221052.0	293382.0	205904.0	16651905.0
45C14_R2_001	3353.0	289.0	347.0	8148.0	9873.0	10211.0	9578.0	9701.0	9450.0	9589.0	9358.0	10940.0	11380.0	13258.0	16478.0	21389.0	27391.0	37611.0	47502.0	64947.0	78864.0	104409.0	122206.0	153916.0	223108.0	293153.0	205991.0	16649220.0
45C9_R1_001	321.0	267.0	320.0	6436.0	8382.0	8837.0	9128.0	8835.0	9364.0	9595.0	9563.0	11261.0	12755.0	16314.0	20473.0	28791.0	37519.0	53597.0	68495.0	92321.0	111243.0	140678.0	159912.0	187777.0	230552.0	283032.0	241795.0	15089451.0
45C9_R2_001	76.0	148.0	157.0	6425.0	8381.0	8801.0	9084.0	8747.0	9333.0	9550.0	9608.0	11168.0	12740.0	16245.0	20420.0	28962.0	37591.0	53678.0	68454.0	92164.0	111208.0	140753.0	159967.0	187512.0	231153.0	276889.0	227229.0	15110571.0
45H14_R1_001	209.0	355.0	417.0	8908.0	10163.0	10512.0	10413.0	10652.0	9932.0	10429.0	10890.0	11816.0	12756.0	15217.0	18552.0	24380.0	31695.0	44703.0	56341.0	73373.0	89122.0	112177.0	128763.0	157924.0	226406.0	298591.0	197732.0	16206500.0
45H14_R2_001	160.0	260.0	295.0	8779.0	10070.0	10444.0	10351.0	10589.0	9961.0	10478.0	10895.0	11789.0	12692.0	15171.0	18531.0	24358.0	31914.0	44739.0	56348.0	73144.0	89061.0	112178.0	129333.0	158524.0	228410.0	292976.0	183578.0	16223900.0
67C9_R1_001	199.0	307.0	341.0	8767.0	10122.0	10370.0	10531.0	10538.0	10595.0	10199.0	10629.0	11930.0	12703.0	15890.0	20263.0	28150.0	37775.0	54114.0	69369.0	92272.0	110834.0	137408.0	155665.0	182696.0	225139.0	281666.0	244544.0	18897034.0
67C9_R2_001	207.0	285.0	333.0	8716.0	10059.0	10352.0	10539.0	10488.0	10565.0	10133.0	10558.0	11884.0	12667.0	15834.0	20171.0	28204.0	37714.0	54059.0	69293.0	92083.0	110772.0	137688.0	155817.0	182620.0	224984.0	282013.0	244113.0	18897899.0
6C14_R1_001	172.0	185.0	235.0	7175.0	9135.0	9697.0	9987.0	9491.0	9732.0	9697.0	9005.0	10478.0	11632.0	14176.0	18062.0	25594.0	35417.0	50945.0	66046.0	89126.0	106737.0	132131.0	150848.0	175064.0	209980.0	262438.0	239034.0	16802796.0
6C14_R2_001	59.0	85.0	111.0	7153.0	9105.0	9662.0	9969.0	9476.0	9727.0	9632.0	8925.0	10431.0	11589.0	14136.0	17985.0	25714.0	35487.0	51034.0	65947.0	89006.0	106816.0	132090.0	150867.0	175361.0	210235.0	253287.0	220847.0	16830279.0
789C4_R1_001	881.0	911.0	1149.0	11419.0	12734.0	13536.0	12463.0	13638.0	14457.0	15624.0	17679.0	23528.0	29539.0	38257.0	51120.0	69348.0	90731.0	120062.0	143495.0	172722.0	199857.0	232365.0	258665.0	304131.0	507068.0	642923.0	277666.0	14158105.0
789C4_R2_001	429.0	674.0	745.0	11414.0	12832.0	13849.0	12730.0	13615.0	14169.0	15200.0	17443.0	23456.0	29558.0	38085.0	51007.0	69744.0	90029.0	119752.0	143534.0	172646.0	200225.0	232819.0	259197.0	307510.0	510519.0	644300.0	276669.0	14151923.0
789H14_R1_001	94.0	105.0	132.0	5860.0	7319.0	7558.0	7860.0	7904.0	8467.0	8547.0	9202.0	11630.0	15476.0	22524.0	32071.0	48204.0	65454.0	88807.0	108761.0	133320.0	150497.0	169124.0	180904.0	196234.0	215603.0	252671.0	233953.0	15482384.0
789H14_R2_001	103.0	131.0	122.0	5829.0	7312.0	7571.0	7854.0	7882.0	8416.0	8535.0	9190.0	11543.0	15456.0	22538.0	31933.0	48251.0	65442.0	88853.0	108609.0	133240.0	150506.0	169125.0	180762.0	196060.0	215487.0	252402.0	234244.0	15483269.0
789H4_R1_001	78.0	97.0	133.0	7259.0	9140.0	9075.0	9404.0	9513.0	9669.0	9304.0	9092.0	9640.0	10218.0	11209.0	13094.0	16806.0	20820.0	28495.0	36505.0	49945.0	61920.0	81739.0	98241.0	120886.0	154655.0	208921.0	188102.0	17438281.0
789H4_R2_001	103.0	102.0	132.0	7262.0	9133.0	9040.0	9385.0	9502.0	9656.0	9273.0	9078.0	9625.0	10151.0	11171.0	13113.0	16757.0	20773.0	28459.0	36501.0	49885.0	61752.0	81682.0	98290.0	120957.0	155360.0	208278.0	187837.0	17438984.0
789H9_R1_001	61.0	109.0	146.0	7283.0	9191.0	9414.0	9643.0	9376.0	9571.0	9579.0	9284.0	9758.0	10251.0	12135.0	14249.0	18491.0	23268.0	31804.0	41436.0	55426.0	69456.0	88124.0	104920.0	124808.0	151503.0	199752.0	185538.0	16632437.0
789H9_R2_001	38.0	44.0	56.0	7251.0	9194.0	9394.0	9612.0	9356.0	9540.0	9552.0	9254.0	9707.0	10245.0	12060.0	14237.0	18552.0	23281.0	31843.0	41473.0	55344.0	69420.0	88198.0	104874.0	124638.0	151457.0	190939.0	168296.0	16659158.0
789L14_R1_001	170.0	176.0	231.0	5637.0	7032.0	7646.0	7967.0	8158.0	9679.0	10310.0	12106.0	16200.0	20672.0	30341.0	40497.0	58657.0	77788.0	107358.0	135157.0	171359.0	197389.0	229777.0	250858.0	272388.0	299410.0	335778.0	310645.0	15080674.0
789L14_R2_001	51.0	53.0	66.0	5608.0	7057.0	7597.0	7908.0	8146.0	9636.0	10231.0	12047.0	16139.0	20618.0	30260.0	40413.0	58767.0	77873.0	107494.0	135143.0	171364.0	197184.0	229471.0	250703.0	272484.0	298874.0	327534.0	294954.0	15106385.0
789L4_R1_001	195.0	270.0	307.0	7221.0	8625.0	9021.0	9603.0	9037.0	9101.0	9683.0	9835.0	10810.0	11539.0	14080.0	17546.0	22656.0	28351.0	37982.0	48211.0	64086.0	78969.0	100029.0	119328.0	145004.0	180497.0	227238.0	221106.0	16687382.0
789L4_R2_001	220.0	283.0	298.0	7210.0	8662.0	9004.0	9598.0	9007.0	9100.0	9642.0	9831.0	10818.0	11531.0	14015.0	17495.0	22658.0	28378.0	37898.0	48167.0	64014.0	79036.0	100134.0	119388.0	144938.0	180227.0	227874.0	220894.0	16687392.0
789L9_R1_001	148.0	173.0	187.0	7016.0	9017.0	8886.0	9195.0	9583.0	9432.0	9382.0	9065.0	9743.0	9940.0	12155.0	13749.0	17431.0	21576.0	30024.0	38283.0	51201.0	64481.0	82960.0	99503.0	121501.0	156195.0	207009.0	181769.0	16535344.0
789L9_R2_001	125.0	189.0	216.0	7002.0	8966.0	8920.0	9189.0	9562.0	9393.0	9361.0	9055.0	9647.0	9899.0	12158.0	13715.0	17454.0	21501.0	29980.0	38214.0	51050.0	64607.0	83058.0	99759.0	121743.0	156883.0	207563.0	181639.0	16534100.0
789M14_R1_001	266.0	292.0	288.0	7311.0	9239.0	9682.0	10036.0	9910.0	9917.0	10049.0	10320.0	11360.0	13035.0	15906.0	20095.0	27664.0	35330.0	48825.0	62947.0	84036.0	103034.0	129343.0	151200.0	177633.0	212487.0	268771.0	244591.0	18466160.0
789M14_R2_001	281.0	272.0	284.0	7267.0	9175.0	9667.0	10012.0	9859.0	9835.0	9990.0	10263.0	11334.0	13078.0	15836.0	20050.0	27637.0	35297.0	48794.0	62904.0	83888.0	102944.0	129216.0	151403.0	177595.0	212907.0	268527.0	244797.0	18466615.0
789M4_R1_001	307.0	244.0	304.0	7792.0	9598.0	9823.0	9838.0	9741.0	9717.0	10262.0	9890.0	10959.0	11364.0	13858.0	16042.0	20546.0	25655.0	34419.0	44036.0	58975.0	73229.0	94326.0	113602.0	140872.0	186979.0	244138.0	204114.0	17411844.0
789M4_R2_001	298.0	211.0	279.0	7765.0	9644.0	9801.0	9761.0	9746.0	9658.0	10211.0	9875.0	10849.0	11350.0	13769.0	16040.0	20565.0	25629.0	34410.0	43959.0	58783.0	73263.0	94395.0	114088.0	140937.0	187777.0	244749.0	203799.0	17410863.0
7C14_R1_001	194.0	224.0	256.0	6570.0	8510.0	9032.0	8745.0	9179.0	9075.0	9378.0	9435.0	10563.0	11910.0	14448.0	18897.0	25397.0	32696.0	47097.0	60366.0	81669.0	100600.0	127095.0	148649.0	175362.0	217470.0	270609.0	233301.0	16154943.0
7C14_R2_001	53.0	112.0	115.0	6549.0	8520.0	8995.0	8692.0	9148.0	9030.0	9272.0	9427.0	10489.0	11874.0	14481.0	18799.0	25564.0	32739.0	47128.0	60397.0	81644.0	100681.0	127082.0	148556.0	175578.0	217762.0	263750.0	217033.0	16178200.0
89C14_R1_001	101.0	149.0	173.0	8163.0	10673.0	11083.0	11007.0	11256.0	10794.0	11128.0	10839.0	10586.0	11370.0	12716.0	14329.0	17847.0	22379.0	29490.0	37518.0	50337.0	63376.0	81112.0	96865.0	117761.0	150572.0	204382.0	183704.0	19795337.0
89C14_R2_001	108.0	156.0	198.0	8127.0	10636.0	11076.0	11016.0	11193.0	10784.0	11092.0	10810.0	10542.0	11316.0	12639.0	14297.0	17746.0	22338.0	29493.0	37542.0	50308.0	63347.0	81203.0	96790.0	117785.0	150269.0	204903.0	183680.0	19795653.0
89C9_R1_001	160.0	240.0	303.0	7095.0	8902.0	9347.0	9438.0	9391.0	9483.0	9729.0	9588.0	10728.0	12228.0	15545.0	19826.0	27806.0	37024.0	53445.0	69079.0	91855.0	110410.0	136695.0	155506.0	179290.0	216624.0	270668.0	230140.0	16229009.0
89C9_R2_001	105.0	130.0	181.0	7057.0	8891.0	9335.0	9423.0	9369.0	9409.0	9706.0	9551.0	10678.0	12159.0	15537.0	19844.0	27752.0	37067.0	53476.0	69086.0	91766.0	110368.0	136700.0	155487.0	179244.0	217687.0	263536.0	214298.0	16251712.0
89M9_R1_001	172.0	149.0	230.0	6378.0	8106.0	8158.0	8371.0	8608.0	9296.0	9674.0	10313.0	12767.0	15154.0	20371.0	26468.0	37527.0	49634.0	69828.0	90658.0	119968.0	145713.0	180895.0	206322.0	238737.0	277182.0	328421.0	305154.0	15650214.0
89M9_R2_001	74.0	83.0	121.0	6374.0	8058.0	8152.0	8393.0	8596.0	9259.0	9674.0	10268.0	12754.0	15145.0	20365.0	26445.0	37495.0	49667.0	69914.0	90720.0	119911.0	145767.0	180816.0	206342.0	238522.0	277369.0	319904.0	287715.0	15676565.0
